#/mnt/nas-sph/120_anisotropy_evolution/2168.aim
#xdim 300
#ydim 300
#zdim 300
#el_size 0.018 mm
#ice_vol_frac 0.220150296296 
#mean_cl_ice 7.60483801495 mean_cl_ice_x 8.41531674637 mean_cl_ice_y 7.71470660001 mean_cl_ice_z 6.84780374736 mean_cl_pore 25.3963980662 mean_cl_pore_x 27.9514167568 mean_cl_pore_y 25.7197883877 mean_cl_pore_z 23.0043406391
#mean_cl_squared_ice 95.7134506914 mean_cl_squared_ice_x 119.156273625 mean_cl_squared_ice_y 96.4469632075 mean_cl_squared_ice_z 75.9862123628 	mean_cl_squared_pore 1345.29624268 mean_cl_squared_pore_x 1649.71076257 mean_cl_squared_pore_y 1401.84875902 mean_cl_squared_pore_z 1044.17775097
#i l_ice l_ice_x l_ice_y l_ice_z l_pore l_pore_x l_pore_y l_pore_z
0 0.0 0.0 0.0 0.0 0.0 0.0 0.0 0.0
1 148241.0 42616.0 47572.0 58053.0 73646.0 22124.0 25482.0 26040.0
2 241403.0 69213.0 76480.0 95710.0 112105.0 33559.0 39011.0 39535.0
3 267991.0 75562.0 84663.0 107766.0 123351.0 37371.0 41836.0 44144.0
4 241796.0 67590.0 76921.0 97285.0 115016.0 34390.0 38541.0 42085.0
5 204075.0 56160.0 66079.0 81836.0 100047.0 30035.0 32980.0 37032.0
6 175789.0 47404.0 57770.0 70615.0 88032.0 25893.0 28898.0 33241.0
7 153504.0 41319.0 51275.0 60910.0 80036.0 23352.0 25669.0 31015.0
8 134960.0 37115.0 45690.0 52155.0 73147.0 21187.0 23654.0 28306.0
9 118117.0 33772.0 40386.0 43959.0 68466.0 19741.0 21964.0 26761.0
10 100762.0 30075.0 34374.0 36313.0 65936.0 18479.0 21439.0 26018.0
11 87208.0 27282.0 29683.0 30243.0 62294.0 17423.0 20079.0 24792.0
12 75180.0 24429.0 25574.0 25177.0 59211.0 16196.0 19104.0 23911.0
13 64137.0 21996.0 21496.0 20645.0 55947.0 15626.0 17856.0 22465.0
14 53523.0 18851.0 18002.0 16670.0 53675.0 15034.0 17240.0 21401.0
15 44839.0 16234.0 15289.0 13316.0 51852.0 14352.0 16982.0 20518.0
16 37280.0 13979.0 12927.0 10374.0 49620.0 13971.0 15925.0 19724.0
17 30989.0 12043.0 10756.0 8190.0 47269.0 13427.0 14653.0 19189.0
18 25916.0 10290.0 8923.0 6703.0 45447.0 12531.0 14187.0 18729.0
19 22049.0 9103.0 7474.0 5472.0 42939.0 11899.0 13272.0 17768.0
20 18541.0 7705.0 6374.0 4462.0 41332.0 11222.0 13044.0 17066.0
21 15648.0 6408.0 5426.0 3814.0 40388.0 11310.0 12751.0 16327.0
22 13118.0 5445.0 4647.0 3026.0 38748.0 10597.0 12318.0 15833.0
23 10979.0 4568.0 3840.0 2571.0 36831.0 10363.0 11759.0 14709.0
24 9000.0 3951.0 3064.0 1985.0 35336.0 9930.0 11158.0 14248.0
25 7618.0 3383.0 2545.0 1690.0 33805.0 9545.0 10965.0 13295.0
26 6086.0 2780.0 2002.0 1304.0 32535.0 8968.0 10648.0 12919.0
27 5087.0 2313.0 1737.0 1037.0 31323.0 9047.0 10369.0 11907.0
28 4406.0 1978.0 1491.0 937.0 30573.0 8704.0 10331.0 11538.0
29 3862.0 1777.0 1277.0 808.0 29694.0 8469.0 9959.0 11266.0
30 3288.0 1545.0 1064.0 679.0 28757.0 8255.0 9983.0 10519.0
31 2818.0 1297.0 919.0 602.0 27778.0 7965.0 9537.0 10276.0
32 2335.0 1084.0 696.0 555.0 26830.0 7885.0 9098.0 9847.0
33 2060.0 984.0 613.0 463.0 25540.0 7402.0 8586.0 9552.0
34 1824.0 863.0 545.0 416.0 24704.0 7094.0 8225.0 9385.0
35 1503.0 739.0 434.0 330.0 23826.0 6785.0 7843.0 9198.0
36 1243.0 616.0 381.0 246.0 22797.0 6622.0 7580.0 8595.0
37 1047.0 496.0 332.0 219.0 21893.0 6509.0 7074.0 8310.0
38 850.0 429.0 263.0 158.0 21510.0 6557.0 6858.0 8095.0
39 706.0 343.0 221.0 142.0 20492.0 6349.0 6473.0 7670.0
40 629.0 321.0 162.0 146.0 19731.0 5864.0 6262.0 7605.0
41 519.0 268.0 155.0 96.0 18554.0 5663.0 5977.0 6914.0
42 508.0 245.0 136.0 127.0 17936.0 5792.0 5689.0 6455.0
43 435.0 222.0 130.0 83.0 17071.0 5493.0 5480.0 6098.0
44 365.0 194.0 85.0 86.0 16523.0 5308.0 5533.0 5682.0
45 298.0 154.0 87.0 57.0 15881.0 5148.0 5384.0 5349.0
46 283.0 155.0 70.0 58.0 15420.0 5076.0 5239.0 5105.0
47 254.0 138.0 69.0 47.0 14886.0 4971.0 4835.0 5080.0
48 220.0 107.0 56.0 57.0 14311.0 4700.0 4836.0 4775.0
49 171.0 98.0 41.0 32.0 13617.0 4560.0 4370.0 4687.0
50 134.0 66.0 40.0 28.0 13305.0 4528.0 4223.0 4554.0
51 130.0 65.0 36.0 29.0 12872.0 4415.0 4186.0 4271.0
52 121.0 57.0 42.0 22.0 12522.0 4241.0 3986.0 4295.0
53 101.0 50.0 32.0 19.0 12020.0 4052.0 3801.0 4167.0
54 98.0 56.0 29.0 13.0 11614.0 3811.0 3822.0 3981.0
55 101.0 57.0 31.0 13.0 11269.0 3769.0 3781.0 3719.0
56 68.0 34.0 14.0 20.0 10580.0 3705.0 3480.0 3395.0
57 75.0 35.0 23.0 17.0 10056.0 3363.0 3282.0 3411.0
58 54.0 25.0 8.0 21.0 10189.0 3341.0 3409.0 3439.0
59 55.0 27.0 6.0 22.0 9283.0 3088.0 2994.0 3201.0
60 40.0 16.0 7.0 17.0 9139.0 3171.0 2850.0 3118.0
61 59.0 22.0 7.0 30.0 8880.0 3101.0 2864.0 2915.0
62 50.0 26.0 2.0 22.0 8574.0 2887.0 2885.0 2802.0
63 59.0 24.0 3.0 32.0 8385.0 2903.0 2927.0 2555.0
64 35.0 20.0 1.0 14.0 8182.0 3111.0 2737.0 2334.0
65 31.0 18.0 1.0 12.0 7555.0 2758.0 2548.0 2249.0
66 19.0 6.0 1.0 12.0 7258.0 2619.0 2455.0 2184.0
67 32.0 18.0 2.0 12.0 6746.0 2450.0 2280.0 2016.0
68 15.0 9.0 1.0 5.0 6322.0 2265.0 2148.0 1909.0
69 20.0 15.0 2.0 3.0 6093.0 2197.0 2055.0 1841.0
70 24.0 15.0 0.0 9.0 5939.0 2286.0 2004.0 1649.0
71 15.0 13.0 0.0 2.0 5630.0 2108.0 1968.0 1554.0
72 10.0 6.0 0.0 4.0 5654.0 2112.0 1985.0 1557.0
73 10.0 2.0 0.0 8.0 5333.0 2013.0 1722.0 1598.0
74 6.0 5.0 0.0 1.0 5234.0 1967.0 1617.0 1650.0
75 7.0 3.0 0.0 4.0 5055.0 1876.0 1629.0 1550.0
76 3.0 3.0 0.0 0.0 4825.0 1777.0 1623.0 1425.0
77 4.0 4.0 0.0 0.0 4559.0 1786.0 1488.0 1285.0
78 0.0 0.0 0.0 0.0 4596.0 1708.0 1565.0 1323.0
79 0.0 0.0 0.0 0.0 4435.0 1634.0 1538.0 1263.0
80 1.0 0.0 0.0 1.0 4519.0 1661.0 1540.0 1318.0
81 0.0 0.0 0.0 0.0 4204.0 1593.0 1398.0 1213.0
82 1.0 1.0 0.0 0.0 3989.0 1506.0 1308.0 1175.0
83 1.0 0.0 0.0 1.0 3708.0 1410.0 1251.0 1047.0
84 3.0 0.0 0.0 3.0 3475.0 1432.0 1191.0 852.0
85 2.0 0.0 0.0 2.0 3446.0 1510.0 1121.0 815.0
86 0.0 0.0 0.0 0.0 3454.0 1458.0 1177.0 819.0
87 0.0 0.0 0.0 0.0 3159.0 1316.0 1099.0 744.0
88 0.0 0.0 0.0 0.0 3121.0 1242.0 1081.0 798.0
89 1.0 0.0 0.0 1.0 3043.0 1316.0 1001.0 726.0
90 0.0 0.0 0.0 0.0 3042.0 1348.0 964.0 730.0
91 0.0 0.0 0.0 0.0 3051.0 1264.0 1013.0 774.0
92 0.0 0.0 0.0 0.0 2947.0 1169.0 1024.0 754.0
93 0.0 0.0 0.0 0.0 2822.0 1200.0 991.0 631.0
94 0.0 0.0 0.0 0.0 2596.0 1101.0 915.0 580.0
95 0.0 0.0 0.0 0.0 2356.0 984.0 845.0 527.0
96 0.0 0.0 0.0 0.0 2196.0 947.0 791.0 458.0
97 0.0 0.0 0.0 0.0 2162.0 951.0 728.0 483.0
98 1.0 1.0 0.0 0.0 2038.0 884.0 698.0 456.0
99 0.0 0.0 0.0 0.0 2058.0 879.0 652.0 527.0
100 0.0 0.0 0.0 0.0 1961.0 808.0 649.0 504.0
101 0.0 0.0 0.0 0.0 1961.0 802.0 618.0 541.0
102 0.0 0.0 0.0 0.0 1888.0 822.0 590.0 476.0
103 0.0 0.0 0.0 0.0 1783.0 739.0 613.0 431.0
104 0.0 0.0 0.0 0.0 1671.0 704.0 594.0 373.0
105 0.0 0.0 0.0 0.0 1666.0 687.0 577.0 402.0
106 0.0 0.0 0.0 0.0 1605.0 698.0 571.0 336.0
107 0.0 0.0 0.0 0.0 1503.0 674.0 473.0 356.0
108 0.0 0.0 0.0 0.0 1402.0 576.0 485.0 341.0
109 0.0 0.0 0.0 0.0 1439.0 578.0 553.0 308.0
110 0.0 0.0 0.0 0.0 1306.0 504.0 497.0 305.0
111 0.0 0.0 0.0 0.0 1332.0 560.0 471.0 301.0
112 0.0 0.0 0.0 0.0 1264.0 542.0 462.0 260.0
113 0.0 0.0 0.0 0.0 1164.0 484.0 455.0 225.0
114 0.0 0.0 0.0 0.0 1144.0 477.0 462.0 205.0
115 0.0 0.0 0.0 0.0 1169.0 455.0 491.0 223.0
116 0.0 0.0 0.0 0.0 1183.0 446.0 510.0 227.0
117 0.0 0.0 0.0 0.0 986.0 375.0 424.0 187.0
118 0.0 0.0 0.0 0.0 948.0 343.0 409.0 196.0
119 0.0 0.0 0.0 0.0 924.0 361.0 390.0 173.0
120 0.0 0.0 0.0 0.0 901.0 346.0 368.0 187.0
121 0.0 0.0 0.0 0.0 969.0 370.0 406.0 193.0
122 0.0 0.0 0.0 0.0 872.0 347.0 325.0 200.0
123 0.0 0.0 0.0 0.0 748.0 291.0 290.0 167.0
124 0.0 0.0 0.0 0.0 890.0 369.0 323.0 198.0
125 0.0 0.0 0.0 0.0 924.0 370.0 331.0 223.0
126 0.0 0.0 0.0 0.0 868.0 399.0 299.0 170.0
127 0.0 0.0 0.0 0.0 803.0 297.0 309.0 197.0
128 0.0 0.0 0.0 0.0 748.0 249.0 318.0 181.0
129 0.0 0.0 0.0 0.0 743.0 292.0 285.0 166.0
130 0.0 0.0 0.0 0.0 710.0 330.0 243.0 137.0
131 0.0 0.0 0.0 0.0 684.0 278.0 215.0 191.0
132 0.0 0.0 0.0 0.0 659.0 269.0 220.0 170.0
133 0.0 0.0 0.0 0.0 660.0 318.0 210.0 132.0
134 0.0 0.0 0.0 0.0 593.0 268.0 227.0 98.0
135 0.0 0.0 0.0 0.0 544.0 243.0 207.0 94.0
136 0.0 0.0 0.0 0.0 531.0 243.0 206.0 82.0
137 0.0 0.0 0.0 0.0 565.0 269.0 198.0 98.0
138 0.0 0.0 0.0 0.0 573.0 231.0 224.0 118.0
139 0.0 0.0 0.0 0.0 564.0 244.0 224.0 96.0
140 0.0 0.0 0.0 0.0 523.0 251.0 198.0 74.0
141 0.0 0.0 0.0 0.0 464.0 228.0 154.0 82.0
142 0.0 0.0 0.0 0.0 488.0 246.0 178.0 64.0
143 0.0 0.0 0.0 0.0 407.0 210.0 137.0 60.0
144 0.0 0.0 0.0 0.0 350.0 154.0 122.0 74.0
145 0.0 0.0 0.0 0.0 392.0 167.0 131.0 94.0
146 0.0 0.0 0.0 0.0 399.0 159.0 168.0 72.0
147 0.0 0.0 0.0 0.0 393.0 172.0 142.0 79.0
148 0.0 0.0 0.0 0.0 420.0 186.0 145.0 89.0
149 0.0 0.0 0.0 0.0 454.0 201.0 156.0 97.0
150 0.0 0.0 0.0 0.0 426.0 203.0 141.0 82.0
151 0.0 0.0 0.0 0.0 356.0 173.0 136.0 47.0
152 0.0 0.0 0.0 0.0 334.0 129.0 146.0 59.0
153 0.0 0.0 0.0 0.0 336.0 144.0 127.0 65.0
154 0.0 0.0 0.0 0.0 274.0 120.0 97.0 57.0
155 0.0 0.0 0.0 0.0 280.0 130.0 91.0 59.0
156 0.0 0.0 0.0 0.0 232.0 104.0 88.0 40.0
157 0.0 0.0 0.0 0.0 300.0 138.0 127.0 35.0
158 0.0 0.0 0.0 0.0 281.0 146.0 105.0 30.0
159 0.0 0.0 0.0 0.0 292.0 145.0 99.0 48.0
160 0.0 0.0 0.0 0.0 235.0 120.0 86.0 29.0
161 0.0 0.0 0.0 0.0 268.0 146.0 95.0 27.0
162 0.0 0.0 0.0 0.0 209.0 117.0 77.0 15.0
163 0.0 0.0 0.0 0.0 251.0 109.0 119.0 23.0
164 0.0 0.0 0.0 0.0 218.0 90.0 116.0 12.0
165 0.0 0.0 0.0 0.0 217.0 78.0 113.0 26.0
166 0.0 0.0 0.0 0.0 209.0 108.0 86.0 15.0
167 0.0 0.0 0.0 0.0 223.0 100.0 99.0 24.0
168 0.0 0.0 0.0 0.0 210.0 82.0 95.0 33.0
169 0.0 0.0 0.0 0.0 207.0 68.0 103.0 36.0
170 0.0 0.0 0.0 0.0 166.0 70.0 79.0 17.0
171 0.0 0.0 0.0 0.0 108.0 38.0 44.0 26.0
172 0.0 0.0 0.0 0.0 116.0 43.0 51.0 22.0
173 0.0 0.0 0.0 0.0 116.0 49.0 50.0 17.0
174 0.0 0.0 0.0 0.0 141.0 81.0 36.0 24.0
175 0.0 0.0 0.0 0.0 113.0 65.0 37.0 11.0
176 0.0 0.0 0.0 0.0 119.0 71.0 37.0 11.0
177 0.0 0.0 0.0 0.0 120.0 65.0 49.0 6.0
178 0.0 0.0 0.0 0.0 132.0 81.0 40.0 11.0
179 0.0 0.0 0.0 0.0 96.0 54.0 34.0 8.0
180 0.0 0.0 0.0 0.0 88.0 40.0 36.0 12.0
181 0.0 0.0 0.0 0.0 79.0 35.0 35.0 9.0
182 0.0 0.0 0.0 0.0 116.0 44.0 43.0 29.0
183 0.0 0.0 0.0 0.0 96.0 40.0 26.0 30.0
184 0.0 0.0 0.0 0.0 91.0 38.0 34.0 19.0
185 0.0 0.0 0.0 0.0 88.0 34.0 36.0 18.0
186 0.0 0.0 0.0 0.0 108.0 49.0 38.0 21.0
187 0.0 0.0 0.0 0.0 93.0 37.0 30.0 26.0
188 0.0 0.0 0.0 0.0 109.0 38.0 45.0 26.0
189 0.0 0.0 0.0 0.0 113.0 45.0 38.0 30.0
190 0.0 0.0 0.0 0.0 89.0 42.0 31.0 16.0
191 0.0 0.0 0.0 0.0 98.0 50.0 38.0 10.0
192 0.0 0.0 0.0 0.0 113.0 58.0 43.0 12.0
193 0.0 0.0 0.0 0.0 105.0 60.0 25.0 20.0
194 0.0 0.0 0.0 0.0 92.0 56.0 26.0 10.0
195 0.0 0.0 0.0 0.0 77.0 46.0 24.0 7.0
196 0.0 0.0 0.0 0.0 59.0 35.0 18.0 6.0
197 0.0 0.0 0.0 0.0 69.0 41.0 22.0 6.0
198 0.0 0.0 0.0 0.0 59.0 39.0 15.0 5.0
199 0.0 0.0 0.0 0.0 59.0 35.0 20.0 4.0
200 0.0 0.0 0.0 0.0 38.0 27.0 8.0 3.0
201 0.0 0.0 0.0 0.0 26.0 12.0 10.0 4.0
202 0.0 0.0 0.0 0.0 38.0 33.0 3.0 2.0
203 0.0 0.0 0.0 0.0 55.0 33.0 16.0 6.0
204 0.0 0.0 0.0 0.0 41.0 27.0 11.0 3.0
205 0.0 0.0 0.0 0.0 32.0 15.0 17.0 0.0
206 0.0 0.0 0.0 0.0 37.0 23.0 12.0 2.0
207 0.0 0.0 0.0 0.0 46.0 13.0 27.0 6.0
208 0.0 0.0 0.0 0.0 60.0 29.0 27.0 4.0
209 0.0 0.0 0.0 0.0 49.0 15.0 32.0 2.0
210 0.0 0.0 0.0 0.0 39.0 16.0 17.0 6.0
211 0.0 0.0 0.0 0.0 41.0 16.0 22.0 3.0
212 0.0 0.0 0.0 0.0 58.0 23.0 32.0 3.0
213 0.0 0.0 0.0 0.0 42.0 23.0 19.0 0.0
214 0.0 0.0 0.0 0.0 42.0 26.0 15.0 1.0
215 0.0 0.0 0.0 0.0 50.0 25.0 12.0 13.0
216 0.0 0.0 0.0 0.0 15.0 7.0 4.0 4.0
217 0.0 0.0 0.0 0.0 24.0 16.0 6.0 2.0
218 0.0 0.0 0.0 0.0 14.0 9.0 4.0 1.0
219 0.0 0.0 0.0 0.0 31.0 13.0 12.0 6.0
220 0.0 0.0 0.0 0.0 28.0 22.0 3.0 3.0
221 0.0 0.0 0.0 0.0 25.0 10.0 13.0 2.0
222 0.0 0.0 0.0 0.0 24.0 11.0 8.0 5.0
223 0.0 0.0 0.0 0.0 25.0 10.0 6.0 9.0
224 0.0 0.0 0.0 0.0 21.0 14.0 6.0 1.0
225 0.0 0.0 0.0 0.0 26.0 13.0 11.0 2.0
226 0.0 0.0 0.0 0.0 27.0 13.0 9.0 5.0
227 0.0 0.0 0.0 0.0 19.0 10.0 4.0 5.0
228 0.0 0.0 0.0 0.0 18.0 10.0 3.0 5.0
229 0.0 0.0 0.0 0.0 35.0 10.0 16.0 9.0
230 0.0 0.0 0.0 0.0 27.0 9.0 13.0 5.0
231 0.0 0.0 0.0 0.0 24.0 8.0 12.0 4.0
232 0.0 0.0 0.0 0.0 29.0 10.0 16.0 3.0
233 0.0 0.0 0.0 0.0 32.0 17.0 15.0 0.0
234 0.0 0.0 0.0 0.0 36.0 20.0 16.0 0.0
235 0.0 0.0 0.0 0.0 32.0 19.0 13.0 0.0
236 0.0 0.0 0.0 0.0 31.0 12.0 17.0 2.0
237 0.0 0.0 0.0 0.0 28.0 8.0 16.0 4.0
238 0.0 0.0 0.0 0.0 26.0 9.0 11.0 6.0
239 0.0 0.0 0.0 0.0 20.0 6.0 11.0 3.0
240 0.0 0.0 0.0 0.0 16.0 7.0 8.0 1.0
241 0.0 0.0 0.0 0.0 13.0 5.0 7.0 1.0
242 0.0 0.0 0.0 0.0 17.0 10.0 7.0 0.0
243 0.0 0.0 0.0 0.0 12.0 9.0 2.0 1.0
244 0.0 0.0 0.0 0.0 11.0 1.0 10.0 0.0
245 0.0 0.0 0.0 0.0 11.0 4.0 7.0 0.0
246 0.0 0.0 0.0 0.0 20.0 13.0 7.0 0.0
247 0.0 0.0 0.0 0.0 8.0 1.0 2.0 5.0
248 0.0 0.0 0.0 0.0 9.0 6.0 0.0 3.0
249 0.0 0.0 0.0 0.0 6.0 3.0 2.0 1.0
250 0.0 0.0 0.0 0.0 5.0 5.0 0.0 0.0
251 0.0 0.0 0.0 0.0 6.0 6.0 0.0 0.0
252 0.0 0.0 0.0 0.0 6.0 3.0 2.0 1.0
253 0.0 0.0 0.0 0.0 9.0 0.0 8.0 1.0
254 0.0 0.0 0.0 0.0 4.0 1.0 1.0 2.0
255 0.0 0.0 0.0 0.0 12.0 4.0 1.0 7.0
256 0.0 0.0 0.0 0.0 11.0 6.0 2.0 3.0
257 0.0 0.0 0.0 0.0 3.0 1.0 2.0 0.0
258 0.0 0.0 0.0 0.0 5.0 1.0 3.0 1.0
259 0.0 0.0 0.0 0.0 7.0 3.0 1.0 3.0
260 0.0 0.0 0.0 0.0 1.0 1.0 0.0 0.0
261 0.0 0.0 0.0 0.0 1.0 0.0 1.0 0.0
262 0.0 0.0 0.0 0.0 2.0 0.0 2.0 0.0
263 0.0 0.0 0.0 0.0 1.0 0.0 0.0 1.0
264 0.0 0.0 0.0 0.0 2.0 0.0 0.0 2.0
265 0.0 0.0 0.0 0.0 3.0 0.0 0.0 3.0
266 0.0 0.0 0.0 0.0 3.0 3.0 0.0 0.0
267 0.0 0.0 0.0 0.0 4.0 4.0 0.0 0.0
268 0.0 0.0 0.0 0.0 8.0 2.0 4.0 2.0
269 0.0 0.0 0.0 0.0 3.0 3.0 0.0 0.0
270 0.0 0.0 0.0 0.0 1.0 1.0 0.0 0.0
271 0.0 0.0 0.0 0.0 2.0 1.0 1.0 0.0
272 0.0 0.0 0.0 0.0 0.0 0.0 0.0 0.0
273 0.0 0.0 0.0 0.0 2.0 0.0 2.0 0.0
274 0.0 0.0 0.0 0.0 2.0 0.0 2.0 0.0
275 0.0 0.0 0.0 0.0 2.0 0.0 2.0 0.0
276 0.0 0.0 0.0 0.0 4.0 1.0 0.0 3.0
277 0.0 0.0 0.0 0.0 4.0 1.0 0.0 3.0
278 0.0 0.0 0.0 0.0 7.0 3.0 0.0 4.0
279 0.0 0.0 0.0 0.0 6.0 3.0 0.0 3.0
280 0.0 0.0 0.0 0.0 3.0 2.0 0.0 1.0
281 0.0 0.0 0.0 0.0 4.0 0.0 0.0 4.0
282 0.0 0.0 0.0 0.0 2.0 2.0 0.0 0.0
283 0.0 0.0 0.0 0.0 0.0 0.0 0.0 0.0
284 0.0 0.0 0.0 0.0 3.0 3.0 0.0 0.0
285 0.0 0.0 0.0 0.0 1.0 0.0 0.0 1.0
286 0.0 0.0 0.0 0.0 0.0 0.0 0.0 0.0
287 0.0 0.0 0.0 0.0 0.0 0.0 0.0 0.0
288 0.0 0.0 0.0 0.0 1.0 1.0 0.0 0.0
289 0.0 0.0 0.0 0.0 11.0 11.0 0.0 0.0
290 0.0 0.0 0.0 0.0 4.0 4.0 0.0 0.0
291 0.0 0.0 0.0 0.0 1.0 1.0 0.0 0.0
292 0.0 0.0 0.0 0.0 5.0 5.0 0.0 0.0
293 0.0 0.0 0.0 0.0 3.0 3.0 0.0 0.0
294 0.0 0.0 0.0 0.0 0.0 0.0 0.0 0.0
295 0.0 0.0 0.0 0.0 0.0 0.0 0.0 0.0
296 0.0 0.0 0.0 0.0 0.0 0.0 0.0 0.0
297 0.0 0.0 0.0 0.0 0.0 0.0 0.0 0.0
298 0.0 0.0 0.0 0.0 0.0 0.0 0.0 0.0
299 0.0 0.0 0.0 0.0 0.0 0.0 0.0 0.0
300 0.0 0.0 0.0 0.0 5.0 2.0 1.0 2.0
