#/mnt/nas-sph/120_anisotropy_evolution/2176.aim
#xdim 300
#ydim 300
#zdim 300
#el_size 0.018 mm
#ice_vol_frac 0.228907074074 
#mean_cl_ice 9.15489051542 mean_cl_ice_x 9.97831906127 mean_cl_ice_y 9.08704640054 mean_cl_ice_z 8.51573563635 mean_cl_pore 28.8953031765 mean_cl_pore_x 31.4344993462 mean_cl_pore_y 28.5871530534 mean_cl_pore_z 27.0050055127
#mean_cl_squared_ice 144.871172681 mean_cl_squared_ice_x 175.955590321 mean_cl_squared_ice_y 143.255578606 mean_cl_squared_ice_z 119.85700901 	mean_cl_squared_pore 1787.20449854 mean_cl_squared_pore_x 2119.87830999 mean_cl_squared_pore_y 1771.05383217 mean_cl_squared_pore_z 1516.66518581
#i l_ice l_ice_x l_ice_y l_ice_z l_pore l_pore_x l_pore_y l_pore_z
0 0.0 0.0 0.0 0.0 0.0 0.0 0.0 0.0
1 115934.0 34494.0 38204.0 43236.0 72809.0 21621.0 25152.0 26036.0
2 187209.0 56038.0 61731.0 69440.0 109944.0 32531.0 37901.0 39512.0
3 203797.0 60359.0 68274.0 75164.0 116266.0 34487.0 40566.0 41213.0
4 184102.0 53763.0 62668.0 67671.0 101913.0 30689.0 35319.0 35905.0
5 155483.0 44173.0 53723.0 57587.0 83161.0 25622.0 28315.0 29224.0
6 132004.0 36609.0 46070.0 49325.0 68448.0 20829.0 23316.0 24303.0
7 115866.0 32232.0 40181.0 43453.0 60387.0 17856.0 20785.0 21746.0
8 103057.0 28606.0 35539.0 38912.0 55010.0 16271.0 19047.0 19692.0
9 92161.0 25692.0 31945.0 34524.0 50902.0 14846.0 17713.0 18343.0
10 83448.0 24026.0 28476.0 30946.0 47633.0 13849.0 16328.0 17456.0
11 75995.0 22497.0 25471.0 28027.0 44932.0 13055.0 15465.0 16412.0
12 68036.0 20776.0 22386.0 24874.0 42781.0 12506.0 14509.0 15766.0
13 60359.0 18845.0 19768.0 21746.0 40857.0 11617.0 13968.0 15272.0
14 53868.0 17204.0 17412.0 19252.0 38168.0 10749.0 12972.0 14447.0
15 47670.0 15502.0 15502.0 16666.0 37050.0 10619.0 12542.0 13889.0
16 42784.0 14158.0 13772.0 14854.0 36089.0 10440.0 12211.0 13438.0
17 37645.0 12668.0 12144.0 12833.0 35082.0 9692.0 12170.0 13220.0
18 33793.0 11626.0 10676.0 11491.0 34261.0 9599.0 11821.0 12841.0
19 29122.0 10033.0 9183.0 9906.0 33154.0 9280.0 11094.0 12780.0
20 25644.0 8996.0 8390.0 8258.0 31406.0 9054.0 10536.0 11816.0
21 23098.0 8158.0 7586.0 7354.0 30384.0 8835.0 9958.0 11591.0
22 20349.0 7266.0 6789.0 6294.0 29610.0 8562.0 9397.0 11651.0
23 17346.0 6427.0 5750.0 5169.0 28447.0 8355.0 9109.0 10983.0
24 15196.0 5692.0 4923.0 4581.0 28308.0 8337.0 8952.0 11019.0
25 12895.0 5066.0 4131.0 3698.0 27836.0 8120.0 8808.0 10908.0
26 11309.0 4365.0 3749.0 3195.0 27057.0 7819.0 8831.0 10407.0
27 10143.0 4032.0 3313.0 2798.0 25883.0 7317.0 8541.0 10025.0
28 8405.0 3413.0 2718.0 2274.0 25514.0 7000.0 8425.0 10089.0
29 7351.0 3074.0 2321.0 1956.0 24385.0 6714.0 8372.0 9299.0
30 6529.0 2816.0 2058.0 1655.0 23513.0 6818.0 7852.0 8843.0
31 5648.0 2429.0 1921.0 1298.0 23218.0 6478.0 7754.0 8986.0
32 5047.0 2202.0 1688.0 1157.0 22308.0 6343.0 7309.0 8656.0
33 4360.0 1916.0 1412.0 1032.0 21740.0 6220.0 7336.0 8184.0
34 3836.0 1778.0 1247.0 811.0 21543.0 6353.0 7153.0 8037.0
35 3407.0 1592.0 1088.0 727.0 20601.0 6040.0 6999.0 7562.0
36 2952.0 1381.0 970.0 601.0 20195.0 5940.0 6858.0 7397.0
37 2499.0 1156.0 867.0 476.0 19401.0 5761.0 6549.0 7091.0
38 2155.0 984.0 786.0 385.0 19221.0 5706.0 6469.0 7046.0
39 1913.0 931.0 684.0 298.0 18316.0 5469.0 6231.0 6616.0
40 1618.0 800.0 590.0 228.0 17822.0 5314.0 6041.0 6467.0
41 1392.0 644.0 506.0 242.0 17031.0 5318.0 5735.0 5978.0
42 1154.0 501.0 466.0 187.0 16540.0 5291.0 5462.0 5787.0
43 1094.0 497.0 392.0 205.0 15756.0 5216.0 5092.0 5448.0
44 942.0 427.0 371.0 144.0 15635.0 5083.0 4946.0 5606.0
45 826.0 410.0 290.0 126.0 15329.0 5060.0 4812.0 5457.0
46 770.0 358.0 302.0 110.0 14810.0 4809.0 4696.0 5305.0
47 684.0 321.0 270.0 93.0 14276.0 4673.0 4509.0 5094.0
48 584.0 293.0 199.0 92.0 13741.0 4599.0 4291.0 4851.0
49 442.0 218.0 158.0 66.0 13681.0 4666.0 4207.0 4808.0
50 368.0 214.0 116.0 38.0 13284.0 4366.0 4179.0 4739.0
51 319.0 172.0 109.0 38.0 13011.0 4400.0 4099.0 4512.0
52 308.0 174.0 93.0 41.0 11973.0 3927.0 3860.0 4186.0
53 243.0 140.0 69.0 34.0 11881.0 3767.0 3939.0 4175.0
54 211.0 135.0 56.0 20.0 11691.0 3547.0 3958.0 4186.0
55 219.0 135.0 56.0 28.0 11542.0 3631.0 3795.0 4116.0
56 166.0 100.0 46.0 20.0 11212.0 3734.0 3536.0 3942.0
57 153.0 83.0 51.0 19.0 10411.0 3341.0 3411.0 3659.0
58 139.0 77.0 45.0 17.0 9891.0 3065.0 3256.0 3570.0
59 127.0 67.0 34.0 26.0 9831.0 3128.0 3206.0 3497.0
60 88.0 53.0 21.0 14.0 9298.0 2997.0 3100.0 3201.0
61 73.0 40.0 27.0 6.0 9225.0 2944.0 3100.0 3181.0
62 67.0 31.0 25.0 11.0 8962.0 2835.0 3065.0 3062.0
63 65.0 28.0 30.0 7.0 8490.0 2755.0 2846.0 2889.0
64 58.0 34.0 22.0 2.0 8452.0 2887.0 2765.0 2800.0
65 52.0 26.0 24.0 2.0 8202.0 2912.0 2555.0 2735.0
66 46.0 31.0 13.0 2.0 8025.0 2811.0 2547.0 2667.0
67 72.0 37.0 29.0 6.0 7643.0 2749.0 2331.0 2563.0
68 65.0 36.0 26.0 3.0 7342.0 2569.0 2358.0 2415.0
69 76.0 40.0 31.0 5.0 7079.0 2464.0 2287.0 2328.0
70 51.0 34.0 14.0 3.0 6579.0 2271.0 2237.0 2071.0
71 54.0 28.0 22.0 4.0 6246.0 2193.0 2069.0 1984.0
72 59.0 39.0 20.0 0.0 6268.0 2151.0 2083.0 2034.0
73 40.0 28.0 12.0 0.0 6118.0 2176.0 1970.0 1972.0
74 36.0 26.0 10.0 0.0 5980.0 2077.0 1978.0 1925.0
75 22.0 18.0 4.0 0.0 5658.0 1933.0 1925.0 1800.0
76 18.0 11.0 6.0 1.0 5342.0 1947.0 1745.0 1650.0
77 12.0 7.0 3.0 2.0 5360.0 1928.0 1871.0 1561.0
78 14.0 9.0 4.0 1.0 5328.0 2002.0 1843.0 1483.0
79 13.0 11.0 2.0 0.0 5152.0 1892.0 1664.0 1596.0
80 16.0 8.0 8.0 0.0 4917.0 1832.0 1524.0 1561.0
81 11.0 6.0 5.0 0.0 4518.0 1720.0 1401.0 1397.0
82 12.0 6.0 6.0 0.0 4389.0 1669.0 1331.0 1389.0
83 23.0 11.0 12.0 0.0 4421.0 1672.0 1396.0 1353.0
84 12.0 7.0 5.0 0.0 4184.0 1570.0 1384.0 1230.0
85 10.0 4.0 6.0 0.0 4048.0 1558.0 1269.0 1221.0
86 10.0 5.0 5.0 0.0 3712.0 1444.0 1180.0 1088.0
87 14.0 9.0 5.0 0.0 3705.0 1304.0 1220.0 1181.0
88 16.0 14.0 2.0 0.0 3753.0 1311.0 1267.0 1175.0
89 6.0 6.0 0.0 0.0 3684.0 1297.0 1253.0 1134.0
90 0.0 0.0 0.0 0.0 3548.0 1201.0 1261.0 1086.0
91 3.0 1.0 1.0 1.0 3349.0 1158.0 1140.0 1051.0
92 5.0 2.0 2.0 1.0 3121.0 1122.0 1146.0 853.0
93 3.0 1.0 1.0 1.0 3100.0 1125.0 1166.0 809.0
94 2.0 1.0 1.0 0.0 3082.0 1100.0 1202.0 780.0
95 2.0 1.0 0.0 1.0 2830.0 1048.0 1025.0 757.0
96 2.0 0.0 2.0 0.0 2947.0 1070.0 1005.0 872.0
97 3.0 0.0 2.0 1.0 2935.0 1123.0 989.0 823.0
98 1.0 0.0 0.0 1.0 2791.0 981.0 969.0 841.0
99 0.0 0.0 0.0 0.0 2652.0 1004.0 867.0 781.0
100 1.0 1.0 0.0 0.0 2550.0 952.0 868.0 730.0
101 0.0 0.0 0.0 0.0 2452.0 935.0 885.0 632.0
102 0.0 0.0 0.0 0.0 2348.0 912.0 777.0 659.0
103 0.0 0.0 0.0 0.0 2418.0 896.0 840.0 682.0
104 0.0 0.0 0.0 0.0 2374.0 963.0 744.0 667.0
105 0.0 0.0 0.0 0.0 2123.0 870.0 696.0 557.0
106 0.0 0.0 0.0 0.0 2038.0 813.0 634.0 591.0
107 0.0 0.0 0.0 0.0 1968.0 804.0 620.0 544.0
108 0.0 0.0 0.0 0.0 1993.0 870.0 556.0 567.0
109 0.0 0.0 0.0 0.0 1965.0 794.0 582.0 589.0
110 0.0 0.0 0.0 0.0 1809.0 744.0 622.0 443.0
111 0.0 0.0 0.0 0.0 1691.0 624.0 590.0 477.0
112 0.0 0.0 0.0 0.0 1573.0 605.0 544.0 424.0
113 0.0 0.0 0.0 0.0 1578.0 560.0 623.0 395.0
114 0.0 0.0 0.0 0.0 1611.0 578.0 600.0 433.0
115 0.0 0.0 0.0 0.0 1531.0 545.0 605.0 381.0
116 0.0 0.0 0.0 0.0 1448.0 547.0 556.0 345.0
117 0.0 0.0 0.0 0.0 1369.0 548.0 471.0 350.0
118 1.0 1.0 0.0 0.0 1407.0 582.0 463.0 362.0
119 0.0 0.0 0.0 0.0 1387.0 559.0 496.0 332.0
120 0.0 0.0 0.0 0.0 1306.0 529.0 501.0 276.0
121 0.0 0.0 0.0 0.0 1425.0 642.0 489.0 294.0
122 0.0 0.0 0.0 0.0 1383.0 556.0 478.0 349.0
123 0.0 0.0 0.0 0.0 1291.0 579.0 432.0 280.0
124 0.0 0.0 0.0 0.0 1229.0 520.0 408.0 301.0
125 0.0 0.0 0.0 0.0 1253.0 563.0 403.0 287.0
126 0.0 0.0 0.0 0.0 1245.0 530.0 402.0 313.0
127 0.0 0.0 0.0 0.0 1239.0 496.0 430.0 313.0
128 0.0 0.0 0.0 0.0 1128.0 445.0 401.0 282.0
129 0.0 0.0 0.0 0.0 1127.0 447.0 395.0 285.0
130 0.0 0.0 0.0 0.0 1039.0 416.0 340.0 283.0
131 0.0 0.0 0.0 0.0 997.0 415.0 331.0 251.0
132 0.0 0.0 0.0 0.0 899.0 330.0 323.0 246.0
133 0.0 0.0 0.0 0.0 900.0 351.0 301.0 248.0
134 0.0 0.0 0.0 0.0 777.0 320.0 273.0 184.0
135 0.0 0.0 0.0 0.0 834.0 311.0 326.0 197.0
136 0.0 0.0 0.0 0.0 846.0 319.0 326.0 201.0
137 0.0 0.0 0.0 0.0 730.0 301.0 250.0 179.0
138 0.0 0.0 0.0 0.0 790.0 343.0 262.0 185.0
139 0.0 0.0 0.0 0.0 737.0 281.0 308.0 148.0
140 0.0 0.0 0.0 0.0 718.0 277.0 281.0 160.0
141 0.0 0.0 0.0 0.0 715.0 301.0 274.0 140.0
142 0.0 0.0 0.0 0.0 701.0 303.0 284.0 114.0
143 0.0 0.0 0.0 0.0 641.0 262.0 233.0 146.0
144 0.0 0.0 0.0 0.0 607.0 260.0 239.0 108.0
145 0.0 0.0 0.0 0.0 660.0 273.0 247.0 140.0
146 0.0 0.0 0.0 0.0 588.0 239.0 210.0 139.0
147 0.0 0.0 0.0 0.0 597.0 233.0 220.0 144.0
148 0.0 0.0 0.0 0.0 553.0 215.0 228.0 110.0
149 0.0 0.0 0.0 0.0 574.0 253.0 217.0 104.0
150 0.0 0.0 0.0 0.0 518.0 241.0 179.0 98.0
151 0.0 0.0 0.0 0.0 508.0 227.0 182.0 99.0
152 0.0 0.0 0.0 0.0 485.0 221.0 187.0 77.0
153 0.0 0.0 0.0 0.0 449.0 197.0 182.0 70.0
154 0.0 0.0 0.0 0.0 413.0 179.0 154.0 80.0
155 0.0 0.0 0.0 0.0 435.0 181.0 176.0 78.0
156 0.0 0.0 0.0 0.0 422.0 167.0 185.0 70.0
157 0.0 0.0 0.0 0.0 399.0 167.0 157.0 75.0
158 0.0 0.0 0.0 0.0 415.0 165.0 158.0 92.0
159 0.0 0.0 0.0 0.0 454.0 172.0 169.0 113.0
160 0.0 0.0 0.0 0.0 418.0 150.0 159.0 109.0
161 0.0 0.0 0.0 0.0 440.0 159.0 148.0 133.0
162 0.0 0.0 0.0 0.0 378.0 149.0 113.0 116.0
163 0.0 0.0 0.0 0.0 398.0 149.0 129.0 120.0
164 0.0 0.0 0.0 0.0 339.0 143.0 134.0 62.0
165 0.0 0.0 0.0 0.0 343.0 129.0 147.0 67.0
166 0.0 0.0 0.0 0.0 308.0 113.0 123.0 72.0
167 0.0 0.0 0.0 0.0 319.0 126.0 105.0 88.0
168 0.0 0.0 0.0 0.0 341.0 126.0 105.0 110.0
169 0.0 0.0 0.0 0.0 264.0 116.0 88.0 60.0
170 0.0 0.0 0.0 0.0 262.0 118.0 97.0 47.0
171 0.0 0.0 0.0 0.0 286.0 143.0 85.0 58.0
172 0.0 0.0 0.0 0.0 280.0 109.0 108.0 63.0
173 0.0 0.0 0.0 0.0 258.0 98.0 93.0 67.0
174 0.0 0.0 0.0 0.0 258.0 95.0 87.0 76.0
175 0.0 0.0 0.0 0.0 244.0 98.0 53.0 93.0
176 0.0 0.0 0.0 0.0 279.0 134.0 67.0 78.0
177 0.0 0.0 0.0 0.0 238.0 105.0 66.0 67.0
178 0.0 0.0 0.0 0.0 228.0 105.0 64.0 59.0
179 0.0 0.0 0.0 0.0 230.0 96.0 86.0 48.0
180 0.0 0.0 0.0 0.0 199.0 78.0 78.0 43.0
181 0.0 0.0 0.0 0.0 203.0 87.0 70.0 46.0
182 0.0 0.0 0.0 0.0 193.0 77.0 68.0 48.0
183 0.0 0.0 0.0 0.0 166.0 80.0 55.0 31.0
184 0.0 0.0 0.0 0.0 189.0 79.0 68.0 42.0
185 0.0 0.0 0.0 0.0 171.0 73.0 61.0 37.0
186 0.0 0.0 0.0 0.0 137.0 64.0 43.0 30.0
187 0.0 0.0 0.0 0.0 167.0 71.0 57.0 39.0
188 0.0 0.0 0.0 0.0 169.0 85.0 56.0 28.0
189 0.0 0.0 0.0 0.0 131.0 58.0 55.0 18.0
190 0.0 0.0 0.0 0.0 117.0 46.0 50.0 21.0
191 0.0 0.0 0.0 0.0 173.0 57.0 75.0 41.0
192 0.0 0.0 0.0 0.0 173.0 81.0 61.0 31.0
193 0.0 0.0 0.0 0.0 201.0 90.0 71.0 40.0
194 0.0 0.0 0.0 0.0 186.0 89.0 47.0 50.0
195 0.0 0.0 0.0 0.0 157.0 68.0 40.0 49.0
196 0.0 0.0 0.0 0.0 144.0 52.0 58.0 34.0
197 0.0 0.0 0.0 0.0 101.0 41.0 34.0 26.0
198 0.0 0.0 0.0 0.0 110.0 46.0 38.0 26.0
199 0.0 0.0 0.0 0.0 102.0 40.0 35.0 27.0
200 0.0 0.0 0.0 0.0 91.0 31.0 37.0 23.0
201 0.0 0.0 0.0 0.0 94.0 29.0 40.0 25.0
202 0.0 0.0 0.0 0.0 101.0 45.0 44.0 12.0
203 0.0 0.0 0.0 0.0 114.0 53.0 37.0 24.0
204 0.0 0.0 0.0 0.0 107.0 58.0 29.0 20.0
205 0.0 0.0 0.0 0.0 89.0 47.0 19.0 23.0
206 0.0 0.0 0.0 0.0 78.0 42.0 18.0 18.0
207 0.0 0.0 0.0 0.0 59.0 18.0 19.0 22.0
208 0.0 0.0 0.0 0.0 47.0 10.0 14.0 23.0
209 0.0 0.0 0.0 0.0 52.0 15.0 17.0 20.0
210 0.0 0.0 0.0 0.0 67.0 26.0 20.0 21.0
211 0.0 0.0 0.0 0.0 100.0 31.0 25.0 44.0
212 0.0 0.0 0.0 0.0 85.0 34.0 22.0 29.0
213 0.0 0.0 0.0 0.0 67.0 35.0 12.0 20.0
214 0.0 0.0 0.0 0.0 76.0 46.0 10.0 20.0
215 0.0 0.0 0.0 0.0 87.0 52.0 15.0 20.0
216 0.0 0.0 0.0 0.0 67.0 31.0 14.0 22.0
217 0.0 0.0 0.0 0.0 44.0 16.0 5.0 23.0
218 0.0 0.0 0.0 0.0 58.0 25.0 11.0 22.0
219 0.0 0.0 0.0 0.0 75.0 28.0 17.0 30.0
220 0.0 0.0 0.0 0.0 59.0 27.0 6.0 26.0
221 0.0 0.0 0.0 0.0 40.0 26.0 2.0 12.0
222 0.0 0.0 0.0 0.0 36.0 17.0 14.0 5.0
223 0.0 0.0 0.0 0.0 20.0 10.0 7.0 3.0
224 0.0 0.0 0.0 0.0 28.0 10.0 8.0 10.0
225 0.0 0.0 0.0 0.0 37.0 12.0 19.0 6.0
226 0.0 0.0 0.0 0.0 30.0 12.0 10.0 8.0
227 0.0 0.0 0.0 0.0 27.0 11.0 9.0 7.0
228 0.0 0.0 0.0 0.0 28.0 12.0 12.0 4.0
229 0.0 0.0 0.0 0.0 34.0 11.0 16.0 7.0
230 0.0 0.0 0.0 0.0 44.0 17.0 22.0 5.0
231 0.0 0.0 0.0 0.0 31.0 14.0 11.0 6.0
232 0.0 0.0 0.0 0.0 36.0 24.0 9.0 3.0
233 0.0 0.0 0.0 0.0 43.0 20.0 13.0 10.0
234 0.0 0.0 0.0 0.0 59.0 35.0 16.0 8.0
235 0.0 0.0 0.0 0.0 49.0 24.0 14.0 11.0
236 0.0 0.0 0.0 0.0 36.0 24.0 4.0 8.0
237 0.0 0.0 0.0 0.0 33.0 16.0 4.0 13.0
238 0.0 0.0 0.0 0.0 41.0 13.0 15.0 13.0
239 0.0 0.0 0.0 0.0 33.0 12.0 12.0 9.0
240 0.0 0.0 0.0 0.0 31.0 7.0 13.0 11.0
241 0.0 0.0 0.0 0.0 26.0 9.0 13.0 4.0
242 0.0 0.0 0.0 0.0 29.0 9.0 15.0 5.0
243 0.0 0.0 0.0 0.0 34.0 6.0 21.0 7.0
244 0.0 0.0 0.0 0.0 47.0 16.0 21.0 10.0
245 0.0 0.0 0.0 0.0 44.0 15.0 8.0 21.0
246 0.0 0.0 0.0 0.0 28.0 13.0 7.0 8.0
247 0.0 0.0 0.0 0.0 22.0 10.0 6.0 6.0
248 0.0 0.0 0.0 0.0 20.0 14.0 0.0 6.0
249 0.0 0.0 0.0 0.0 12.0 6.0 1.0 5.0
250 0.0 0.0 0.0 0.0 10.0 7.0 2.0 1.0
251 0.0 0.0 0.0 0.0 14.0 10.0 1.0 3.0
252 0.0 0.0 0.0 0.0 14.0 9.0 3.0 2.0
253 0.0 0.0 0.0 0.0 16.0 12.0 2.0 2.0
254 0.0 0.0 0.0 0.0 16.0 9.0 1.0 6.0
255 0.0 0.0 0.0 0.0 15.0 13.0 0.0 2.0
256 0.0 0.0 0.0 0.0 10.0 6.0 0.0 4.0
257 0.0 0.0 0.0 0.0 13.0 7.0 1.0 5.0
258 0.0 0.0 0.0 0.0 11.0 5.0 1.0 5.0
259 0.0 0.0 0.0 0.0 10.0 3.0 1.0 6.0
260 0.0 0.0 0.0 0.0 8.0 3.0 0.0 5.0
261 0.0 0.0 0.0 0.0 10.0 0.0 1.0 9.0
262 0.0 0.0 0.0 0.0 3.0 0.0 1.0 2.0
263 0.0 0.0 0.0 0.0 7.0 3.0 1.0 3.0
264 0.0 0.0 0.0 0.0 8.0 4.0 0.0 4.0
265 0.0 0.0 0.0 0.0 6.0 5.0 0.0 1.0
266 0.0 0.0 0.0 0.0 2.0 2.0 0.0 0.0
267 0.0 0.0 0.0 0.0 3.0 1.0 2.0 0.0
268 0.0 0.0 0.0 0.0 3.0 1.0 1.0 1.0
269 0.0 0.0 0.0 0.0 5.0 3.0 0.0 2.0
270 0.0 0.0 0.0 0.0 8.0 7.0 0.0 1.0
271 0.0 0.0 0.0 0.0 5.0 4.0 0.0 1.0
272 0.0 0.0 0.0 0.0 5.0 1.0 0.0 4.0
273 0.0 0.0 0.0 0.0 3.0 1.0 0.0 2.0
274 0.0 0.0 0.0 0.0 7.0 2.0 1.0 4.0
275 0.0 0.0 0.0 0.0 9.0 5.0 0.0 4.0
276 0.0 0.0 0.0 0.0 12.0 6.0 1.0 5.0
277 0.0 0.0 0.0 0.0 12.0 12.0 0.0 0.0
278 0.0 0.0 0.0 0.0 10.0 10.0 0.0 0.0
279 0.0 0.0 0.0 0.0 19.0 19.0 0.0 0.0
280 0.0 0.0 0.0 0.0 21.0 20.0 1.0 0.0
281 0.0 0.0 0.0 0.0 22.0 18.0 3.0 1.0
282 0.0 0.0 0.0 0.0 21.0 15.0 5.0 1.0
283 0.0 0.0 0.0 0.0 15.0 13.0 2.0 0.0
284 0.0 0.0 0.0 0.0 6.0 5.0 0.0 1.0
285 0.0 0.0 0.0 0.0 1.0 0.0 0.0 1.0
286 0.0 0.0 0.0 0.0 7.0 4.0 1.0 2.0
287 0.0 0.0 0.0 0.0 13.0 12.0 1.0 0.0
288 0.0 0.0 0.0 0.0 13.0 10.0 1.0 2.0
289 0.0 0.0 0.0 0.0 6.0 4.0 2.0 0.0
290 0.0 0.0 0.0 0.0 7.0 2.0 3.0 2.0
291 0.0 0.0 0.0 0.0 8.0 3.0 1.0 4.0
292 0.0 0.0 0.0 0.0 8.0 5.0 0.0 3.0
293 0.0 0.0 0.0 0.0 3.0 3.0 0.0 0.0
294 0.0 0.0 0.0 0.0 0.0 0.0 0.0 0.0
295 0.0 0.0 0.0 0.0 2.0 2.0 0.0 0.0
296 0.0 0.0 0.0 0.0 0.0 0.0 0.0 0.0
297 0.0 0.0 0.0 0.0 2.0 2.0 0.0 0.0
298 0.0 0.0 0.0 0.0 1.0 1.0 0.0 0.0
299 0.0 0.0 0.0 0.0 0.0 0.0 0.0 0.0
300 0.0 0.0 0.0 0.0 45.0 14.0 2.0 29.0
