#/mnt/nas-sph/120_anisotropy_evolution/2179.aim
#xdim 300
#ydim 300
#zdim 300
#el_size 0.018 mm
#ice_vol_frac 0.23048762963 
#mean_cl_ice 9.7121535758 mean_cl_ice_x 10.4682160267 mean_cl_ice_y 9.60983534157 mean_cl_ice_z 9.1487951639 mean_cl_pore 30.316259316 mean_cl_pore_x 32.5513866998 mean_cl_pore_y 29.7595014309 mean_cl_pore_z 28.8738376787
#mean_cl_squared_ice 164.541980833 mean_cl_squared_ice_x 194.378820553 mean_cl_squared_ice_y 161.967679819 mean_cl_squared_ice_z 140.916592793 	mean_cl_squared_pore 1958.96775355 mean_cl_squared_pore_x 2218.24191653 mean_cl_squared_pore_y 1908.95419375 mean_cl_squared_pore_z 1777.51065701
#i l_ice l_ice_x l_ice_y l_ice_z l_pore l_pore_x l_pore_y l_pore_z
0 0.0 0.0 0.0 0.0 0.0 0.0 0.0 0.0
1 104723.0 31751.0 34825.0 38147.0 68339.0 19768.0 23617.0 24954.0
2 167325.0 50313.0 55916.0 61096.0 101958.0 29970.0 35045.0 36943.0
3 183631.0 54830.0 61799.0 67002.0 108814.0 32136.0 37802.0 38876.0
4 165564.0 48100.0 56778.0 60686.0 94643.0 28391.0 33094.0 33158.0
5 141883.0 40861.0 49217.0 51805.0 76474.0 22848.0 26671.0 26955.0
6 121928.0 34803.0 42730.0 44395.0 63466.0 19066.0 21917.0 22483.0
7 108273.0 31188.0 37418.0 39667.0 54829.0 16483.0 19042.0 19304.0
8 97795.0 28675.0 33632.0 35488.0 49678.0 15019.0 16943.0 17716.0
9 87982.0 26008.0 29792.0 32182.0 45577.0 13528.0 15862.0 16187.0
10 80144.0 24077.0 26952.0 29115.0 43286.0 12401.0 15141.0 15744.0
11 71882.0 22089.0 24477.0 25316.0 40704.0 11741.0 14197.0 14766.0
12 65106.0 19944.0 22160.0 23002.0 38741.0 11380.0 13078.0 14283.0
13 58196.0 18389.0 19350.0 20457.0 36683.0 10741.0 12407.0 13535.0
14 52153.0 16430.0 16938.0 18785.0 35530.0 10459.0 12045.0 13026.0
15 46249.0 14584.0 15246.0 16419.0 34680.0 10096.0 11954.0 12630.0
16 41718.0 13353.0 13515.0 14850.0 34193.0 9952.0 11899.0 12342.0
17 37670.0 12257.0 12412.0 13001.0 33337.0 9877.0 11468.0 11992.0
18 33750.0 11403.0 10867.0 11480.0 32053.0 9520.0 10991.0 11542.0
19 30259.0 10347.0 9913.0 9999.0 31051.0 8984.0 10706.0 11361.0
20 26777.0 9103.0 8768.0 8906.0 29712.0 8546.0 9984.0 11182.0
21 23599.0 8057.0 7711.0 7831.0 28726.0 8240.0 9771.0 10715.0
22 20955.0 7150.0 7005.0 6800.0 27696.0 8485.0 9284.0 9927.0
23 18288.0 6403.0 6101.0 5784.0 26881.0 8378.0 9050.0 9453.0
24 16037.0 5733.0 5162.0 5142.0 25984.0 8146.0 8762.0 9076.0
25 14284.0 5074.0 4523.0 4687.0 25605.0 7918.0 8830.0 8857.0
26 12796.0 4631.0 4037.0 4128.0 25262.0 7784.0 8567.0 8911.0
27 11281.0 4109.0 3603.0 3569.0 24493.0 7443.0 8262.0 8788.0
28 9964.0 3808.0 3163.0 2993.0 23769.0 7185.0 8159.0 8425.0
29 8528.0 3409.0 2645.0 2474.0 22729.0 6772.0 8076.0 7881.0
30 7558.0 3007.0 2279.0 2272.0 22215.0 6809.0 7660.0 7746.0
31 6615.0 2666.0 2049.0 1900.0 21639.0 6550.0 7461.0 7628.0
32 5703.0 2416.0 1770.0 1517.0 21222.0 6592.0 7173.0 7457.0
33 5287.0 2223.0 1724.0 1340.0 20598.0 6441.0 7011.0 7146.0
34 4775.0 2044.0 1547.0 1184.0 19894.0 5977.0 6893.0 7024.0
35 4145.0 1816.0 1344.0 985.0 19368.0 5964.0 6744.0 6660.0
36 3704.0 1688.0 1227.0 789.0 18928.0 5627.0 6615.0 6686.0
37 3230.0 1451.0 1117.0 662.0 18176.0 5622.0 6309.0 6245.0
38 2814.0 1305.0 931.0 578.0 18017.0 5542.0 6071.0 6404.0
39 2444.0 1105.0 847.0 492.0 17603.0 5410.0 6035.0 6158.0
40 2089.0 948.0 707.0 434.0 17221.0 5439.0 5929.0 5853.0
41 1841.0 812.0 653.0 376.0 16537.0 5224.0 5879.0 5434.0
42 1597.0 685.0 546.0 366.0 16072.0 5148.0 5368.0 5556.0
43 1392.0 635.0 484.0 273.0 15507.0 5171.0 5088.0 5248.0
44 1183.0 526.0 418.0 239.0 15133.0 4997.0 4968.0 5168.0
45 927.0 424.0 314.0 189.0 14964.0 4837.0 5012.0 5115.0
46 839.0 370.0 293.0 176.0 14510.0 4655.0 5006.0 4849.0
47 766.0 344.0 263.0 159.0 14335.0 4450.0 4852.0 5033.0
48 733.0 313.0 289.0 131.0 13814.0 4243.0 4598.0 4973.0
49 625.0 256.0 250.0 119.0 13427.0 4366.0 4258.0 4803.0
50 589.0 264.0 212.0 113.0 12852.0 4218.0 4041.0 4593.0
51 513.0 228.0 189.0 96.0 12867.0 4366.0 4059.0 4442.0
52 420.0 196.0 138.0 86.0 12249.0 3896.0 3872.0 4481.0
53 446.0 171.0 175.0 100.0 12094.0 3853.0 3767.0 4474.0
54 352.0 136.0 144.0 72.0 11705.0 3772.0 3760.0 4173.0
55 267.0 121.0 94.0 52.0 10980.0 3623.0 3464.0 3893.0
56 256.0 120.0 98.0 38.0 10649.0 3651.0 3269.0 3729.0
57 211.0 108.0 66.0 37.0 10366.0 3558.0 3230.0 3578.0
58 223.0 126.0 51.0 46.0 9784.0 3341.0 3090.0 3353.0
59 205.0 104.0 57.0 44.0 9485.0 3081.0 3081.0 3323.0
60 203.0 119.0 57.0 27.0 9482.0 3028.0 3130.0 3324.0
61 146.0 86.0 40.0 20.0 9231.0 2997.0 2814.0 3420.0
62 116.0 67.0 33.0 16.0 8861.0 2938.0 2812.0 3111.0
63 103.0 60.0 32.0 11.0 8689.0 2910.0 2934.0 2845.0
64 85.0 59.0 22.0 4.0 8469.0 2870.0 2875.0 2724.0
65 94.0 53.0 35.0 6.0 8206.0 2968.0 2601.0 2637.0
66 101.0 43.0 52.0 6.0 8035.0 3016.0 2407.0 2612.0
67 97.0 52.0 37.0 8.0 7618.0 2819.0 2368.0 2431.0
68 70.0 33.0 30.0 7.0 7393.0 2698.0 2410.0 2285.0
69 98.0 47.0 42.0 9.0 7019.0 2635.0 2244.0 2140.0
70 84.0 45.0 32.0 7.0 6953.0 2516.0 2255.0 2182.0
71 67.0 37.0 25.0 5.0 6879.0 2495.0 2157.0 2227.0
72 43.0 24.0 17.0 2.0 6511.0 2276.0 2069.0 2166.0
73 45.0 22.0 16.0 7.0 6323.0 2160.0 2009.0 2154.0
74 37.0 18.0 18.0 1.0 6023.0 2105.0 1832.0 2086.0
75 42.0 21.0 20.0 1.0 5873.0 1991.0 1760.0 2122.0
76 37.0 21.0 13.0 3.0 5935.0 2028.0 1747.0 2160.0
77 38.0 16.0 22.0 0.0 5419.0 2014.0 1607.0 1798.0
78 41.0 25.0 14.0 2.0 5452.0 1904.0 1685.0 1863.0
79 28.0 17.0 11.0 0.0 5267.0 1844.0 1652.0 1771.0
80 27.0 17.0 10.0 0.0 5173.0 1824.0 1632.0 1717.0
81 19.0 12.0 7.0 0.0 5218.0 1869.0 1575.0 1774.0
82 16.0 12.0 3.0 1.0 5063.0 1750.0 1597.0 1716.0
83 12.0 4.0 7.0 1.0 4584.0 1644.0 1459.0 1481.0
84 22.0 9.0 13.0 0.0 4457.0 1706.0 1374.0 1377.0
85 7.0 3.0 4.0 0.0 4215.0 1562.0 1326.0 1327.0
86 20.0 12.0 8.0 0.0 4110.0 1546.0 1254.0 1310.0
87 16.0 9.0 5.0 2.0 4129.0 1565.0 1299.0 1265.0
88 11.0 6.0 5.0 0.0 3893.0 1376.0 1339.0 1178.0
89 16.0 10.0 6.0 0.0 3760.0 1218.0 1310.0 1232.0
90 18.0 10.0 8.0 0.0 3778.0 1270.0 1294.0 1214.0
91 11.0 7.0 4.0 0.0 3554.0 1177.0 1238.0 1139.0
92 4.0 1.0 3.0 0.0 3174.0 1073.0 1126.0 975.0
93 5.0 4.0 1.0 0.0 2945.0 1043.0 1019.0 883.0
94 2.0 2.0 0.0 0.0 2964.0 1064.0 1102.0 798.0
95 6.0 6.0 0.0 0.0 2867.0 952.0 1117.0 798.0
96 6.0 6.0 0.0 0.0 2897.0 1006.0 1102.0 789.0
97 0.0 0.0 0.0 0.0 2894.0 976.0 992.0 926.0
98 0.0 0.0 0.0 0.0 2923.0 1034.0 1024.0 865.0
99 0.0 0.0 0.0 0.0 2818.0 999.0 970.0 849.0
100 0.0 0.0 0.0 0.0 2723.0 971.0 897.0 855.0
101 0.0 0.0 0.0 0.0 2743.0 1003.0 946.0 794.0
102 0.0 0.0 0.0 0.0 2524.0 949.0 826.0 749.0
103 0.0 0.0 0.0 0.0 2376.0 867.0 765.0 744.0
104 0.0 0.0 0.0 0.0 2200.0 758.0 737.0 705.0
105 0.0 0.0 0.0 0.0 2332.0 880.0 808.0 644.0
106 0.0 0.0 0.0 0.0 2271.0 889.0 733.0 649.0
107 0.0 0.0 0.0 0.0 2199.0 877.0 663.0 659.0
108 0.0 0.0 0.0 0.0 2161.0 786.0 717.0 658.0
109 0.0 0.0 0.0 0.0 2026.0 771.0 670.0 585.0
110 0.0 0.0 0.0 0.0 1909.0 727.0 616.0 566.0
111 0.0 0.0 0.0 0.0 1864.0 708.0 628.0 528.0
112 0.0 0.0 0.0 0.0 1681.0 671.0 556.0 454.0
113 0.0 0.0 0.0 0.0 1694.0 684.0 540.0 470.0
114 0.0 0.0 0.0 0.0 1663.0 588.0 551.0 524.0
115 0.0 0.0 0.0 0.0 1650.0 587.0 531.0 532.0
116 0.0 0.0 0.0 0.0 1764.0 674.0 562.0 528.0
117 0.0 0.0 0.0 0.0 1656.0 677.0 520.0 459.0
118 0.0 0.0 0.0 0.0 1537.0 622.0 485.0 430.0
119 0.0 0.0 0.0 0.0 1616.0 674.0 509.0 433.0
120 0.0 0.0 0.0 0.0 1510.0 576.0 538.0 396.0
121 0.0 0.0 0.0 0.0 1452.0 543.0 530.0 379.0
122 0.0 0.0 0.0 0.0 1390.0 561.0 511.0 318.0
123 0.0 0.0 0.0 0.0 1329.0 531.0 499.0 299.0
124 0.0 0.0 0.0 0.0 1373.0 537.0 460.0 376.0
125 0.0 0.0 0.0 0.0 1338.0 541.0 466.0 331.0
126 0.0 0.0 0.0 0.0 1208.0 508.0 400.0 300.0
127 0.0 0.0 0.0 0.0 1254.0 522.0 432.0 300.0
128 0.0 0.0 0.0 0.0 1231.0 491.0 420.0 320.0
129 0.0 0.0 0.0 0.0 1140.0 433.0 404.0 303.0
130 0.0 0.0 0.0 0.0 1155.0 443.0 396.0 316.0
131 0.0 0.0 0.0 0.0 1077.0 362.0 400.0 315.0
132 0.0 0.0 0.0 0.0 999.0 329.0 389.0 281.0
133 0.0 0.0 0.0 0.0 994.0 352.0 345.0 297.0
134 0.0 0.0 0.0 0.0 1000.0 337.0 363.0 300.0
135 0.0 0.0 0.0 0.0 955.0 294.0 364.0 297.0
136 0.0 0.0 0.0 0.0 935.0 299.0 407.0 229.0
137 0.0 0.0 0.0 0.0 876.0 333.0 354.0 189.0
138 0.0 0.0 0.0 0.0 828.0 309.0 317.0 202.0
139 0.0 0.0 0.0 0.0 753.0 296.0 270.0 187.0
140 0.0 0.0 0.0 0.0 731.0 268.0 292.0 171.0
141 0.0 0.0 0.0 0.0 779.0 304.0 290.0 185.0
142 0.0 0.0 0.0 0.0 762.0 288.0 280.0 194.0
143 0.0 0.0 0.0 0.0 750.0 272.0 260.0 218.0
144 0.0 0.0 0.0 0.0 650.0 234.0 225.0 191.0
145 0.0 0.0 0.0 0.0 622.0 243.0 222.0 157.0
146 0.0 0.0 0.0 0.0 664.0 252.0 212.0 200.0
147 0.0 0.0 0.0 0.0 670.0 267.0 247.0 156.0
148 0.0 0.0 0.0 0.0 696.0 272.0 240.0 184.0
149 0.0 0.0 0.0 0.0 645.0 218.0 242.0 185.0
150 0.0 0.0 0.0 0.0 639.0 219.0 211.0 209.0
151 0.0 0.0 0.0 0.0 579.0 209.0 226.0 144.0
152 0.0 0.0 0.0 0.0 510.0 204.0 171.0 135.0
153 0.0 0.0 0.0 0.0 538.0 202.0 188.0 148.0
154 0.0 0.0 0.0 0.0 540.0 206.0 215.0 119.0
155 0.0 0.0 0.0 0.0 492.0 205.0 193.0 94.0
156 0.0 0.0 0.0 0.0 431.0 160.0 174.0 97.0
157 0.0 0.0 0.0 0.0 478.0 163.0 173.0 142.0
158 0.0 0.0 0.0 0.0 469.0 133.0 197.0 139.0
159 0.0 0.0 0.0 0.0 439.0 121.0 185.0 133.0
160 0.0 0.0 0.0 0.0 463.0 136.0 169.0 158.0
161 0.0 0.0 0.0 0.0 432.0 133.0 146.0 153.0
162 0.0 0.0 0.0 0.0 483.0 172.0 127.0 184.0
163 0.0 0.0 0.0 0.0 471.0 154.0 140.0 177.0
164 0.0 0.0 0.0 0.0 387.0 142.0 105.0 140.0
165 0.0 0.0 0.0 0.0 371.0 138.0 118.0 115.0
166 0.0 0.0 0.0 0.0 356.0 130.0 125.0 101.0
167 0.0 0.0 0.0 0.0 358.0 100.0 129.0 129.0
168 0.0 0.0 0.0 0.0 319.0 115.0 100.0 104.0
169 0.0 0.0 0.0 0.0 301.0 120.0 102.0 79.0
170 0.0 0.0 0.0 0.0 314.0 141.0 91.0 82.0
171 0.0 0.0 0.0 0.0 346.0 140.0 102.0 104.0
172 0.0 0.0 0.0 0.0 306.0 119.0 83.0 104.0
173 0.0 0.0 0.0 0.0 325.0 113.0 104.0 108.0
174 0.0 0.0 0.0 0.0 286.0 103.0 94.0 89.0
175 0.0 0.0 0.0 0.0 343.0 127.0 115.0 101.0
176 0.0 0.0 0.0 0.0 250.0 88.0 95.0 67.0
177 0.0 0.0 0.0 0.0 214.0 79.0 86.0 49.0
178 0.0 0.0 0.0 0.0 224.0 91.0 83.0 50.0
179 0.0 0.0 0.0 0.0 211.0 104.0 66.0 41.0
180 0.0 0.0 0.0 0.0 199.0 80.0 59.0 60.0
181 0.0 0.0 0.0 0.0 218.0 72.0 64.0 82.0
182 0.0 0.0 0.0 0.0 218.0 87.0 73.0 58.0
183 0.0 0.0 0.0 0.0 191.0 82.0 77.0 32.0
184 0.0 0.0 0.0 0.0 196.0 87.0 62.0 47.0
185 0.0 0.0 0.0 0.0 198.0 82.0 68.0 48.0
186 0.0 0.0 0.0 0.0 192.0 59.0 88.0 45.0
187 0.0 0.0 0.0 0.0 220.0 66.0 94.0 60.0
188 0.0 0.0 0.0 0.0 218.0 71.0 63.0 84.0
189 0.0 0.0 0.0 0.0 245.0 91.0 83.0 71.0
190 0.0 0.0 0.0 0.0 196.0 57.0 76.0 63.0
191 0.0 0.0 0.0 0.0 220.0 71.0 98.0 51.0
192 0.0 0.0 0.0 0.0 208.0 80.0 79.0 49.0
193 0.0 0.0 0.0 0.0 181.0 78.0 73.0 30.0
194 0.0 0.0 0.0 0.0 191.0 93.0 59.0 39.0
195 0.0 0.0 0.0 0.0 160.0 78.0 55.0 27.0
196 0.0 0.0 0.0 0.0 111.0 62.0 29.0 20.0
197 0.0 0.0 0.0 0.0 167.0 79.0 34.0 54.0
198 0.0 0.0 0.0 0.0 135.0 63.0 31.0 41.0
199 0.0 0.0 0.0 0.0 152.0 67.0 35.0 50.0
200 0.0 0.0 0.0 0.0 125.0 66.0 29.0 30.0
201 0.0 0.0 0.0 0.0 104.0 63.0 15.0 26.0
202 0.0 0.0 0.0 0.0 155.0 79.0 20.0 56.0
203 0.0 0.0 0.0 0.0 100.0 52.0 11.0 37.0
204 0.0 0.0 0.0 0.0 108.0 30.0 42.0 36.0
205 0.0 0.0 0.0 0.0 127.0 29.0 36.0 62.0
206 0.0 0.0 0.0 0.0 131.0 33.0 26.0 72.0
207 0.0 0.0 0.0 0.0 97.0 24.0 24.0 49.0
208 0.0 0.0 0.0 0.0 94.0 36.0 22.0 36.0
209 0.0 0.0 0.0 0.0 91.0 25.0 23.0 43.0
210 0.0 0.0 0.0 0.0 83.0 34.0 17.0 32.0
211 0.0 0.0 0.0 0.0 107.0 30.0 31.0 46.0
212 0.0 0.0 0.0 0.0 79.0 20.0 20.0 39.0
213 0.0 0.0 0.0 0.0 77.0 15.0 23.0 39.0
214 0.0 0.0 0.0 0.0 82.0 10.0 22.0 50.0
215 0.0 0.0 0.0 0.0 78.0 14.0 27.0 37.0
216 0.0 0.0 0.0 0.0 109.0 10.0 38.0 61.0
217 0.0 0.0 0.0 0.0 69.0 23.0 17.0 29.0
218 0.0 0.0 0.0 0.0 108.0 45.0 21.0 42.0
219 0.0 0.0 0.0 0.0 72.0 29.0 17.0 26.0
220 0.0 0.0 0.0 0.0 77.0 28.0 23.0 26.0
221 0.0 0.0 0.0 0.0 71.0 22.0 23.0 26.0
222 0.0 0.0 0.0 0.0 64.0 18.0 29.0 17.0
223 0.0 0.0 0.0 0.0 57.0 12.0 34.0 11.0
224 0.0 0.0 0.0 0.0 61.0 18.0 26.0 17.0
225 0.0 0.0 0.0 0.0 46.0 5.0 29.0 12.0
226 0.0 0.0 0.0 0.0 50.0 5.0 39.0 6.0
227 0.0 0.0 0.0 0.0 49.0 12.0 30.0 7.0
228 0.0 0.0 0.0 0.0 38.0 17.0 11.0 10.0
229 0.0 0.0 0.0 0.0 46.0 18.0 21.0 7.0
230 0.0 0.0 0.0 0.0 39.0 18.0 16.0 5.0
231 0.0 0.0 0.0 0.0 52.0 22.0 17.0 13.0
232 0.0 0.0 0.0 0.0 61.0 23.0 13.0 25.0
233 0.0 0.0 0.0 0.0 42.0 21.0 13.0 8.0
234 0.0 0.0 0.0 0.0 37.0 17.0 12.0 8.0
235 0.0 0.0 0.0 0.0 28.0 14.0 7.0 7.0
236 0.0 0.0 0.0 0.0 47.0 15.0 8.0 24.0
237 0.0 0.0 0.0 0.0 34.0 16.0 3.0 15.0
238 0.0 0.0 0.0 0.0 29.0 6.0 4.0 19.0
239 0.0 0.0 0.0 0.0 37.0 12.0 3.0 22.0
240 0.0 0.0 0.0 0.0 34.0 20.0 3.0 11.0
241 0.0 0.0 0.0 0.0 28.0 21.0 1.0 6.0
242 0.0 0.0 0.0 0.0 38.0 15.0 8.0 15.0
243 0.0 0.0 0.0 0.0 30.0 6.0 8.0 16.0
244 0.0 0.0 0.0 0.0 24.0 6.0 8.0 10.0
245 0.0 0.0 0.0 0.0 32.0 10.0 11.0 11.0
246 0.0 0.0 0.0 0.0 25.0 11.0 11.0 3.0
247 0.0 0.0 0.0 0.0 15.0 4.0 6.0 5.0
248 0.0 0.0 0.0 0.0 20.0 3.0 13.0 4.0
249 0.0 0.0 0.0 0.0 15.0 3.0 6.0 6.0
250 0.0 0.0 0.0 0.0 13.0 7.0 4.0 2.0
251 0.0 0.0 0.0 0.0 26.0 13.0 3.0 10.0
252 0.0 0.0 0.0 0.0 22.0 5.0 4.0 13.0
253 0.0 0.0 0.0 0.0 19.0 3.0 3.0 13.0
254 0.0 0.0 0.0 0.0 15.0 7.0 2.0 6.0
255 0.0 0.0 0.0 0.0 20.0 10.0 5.0 5.0
256 0.0 0.0 0.0 0.0 24.0 18.0 3.0 3.0
257 0.0 0.0 0.0 0.0 16.0 12.0 1.0 3.0
258 0.0 0.0 0.0 0.0 37.0 14.0 4.0 19.0
259 0.0 0.0 0.0 0.0 45.0 6.0 0.0 39.0
260 0.0 0.0 0.0 0.0 24.0 8.0 2.0 14.0
261 0.0 0.0 0.0 0.0 19.0 6.0 3.0 10.0
262 0.0 0.0 0.0 0.0 18.0 7.0 2.0 9.0
263 0.0 0.0 0.0 0.0 16.0 5.0 3.0 8.0
264 0.0 0.0 0.0 0.0 12.0 11.0 0.0 1.0
265 0.0 0.0 0.0 0.0 12.0 9.0 0.0 3.0
266 0.0 0.0 0.0 0.0 9.0 4.0 2.0 3.0
267 0.0 0.0 0.0 0.0 7.0 4.0 2.0 1.0
268 0.0 0.0 0.0 0.0 6.0 2.0 0.0 4.0
269 0.0 0.0 0.0 0.0 5.0 4.0 1.0 0.0
270 0.0 0.0 0.0 0.0 2.0 1.0 1.0 0.0
271 0.0 0.0 0.0 0.0 3.0 2.0 1.0 0.0
272 0.0 0.0 0.0 0.0 2.0 1.0 1.0 0.0
273 0.0 0.0 0.0 0.0 3.0 2.0 1.0 0.0
274 0.0 0.0 0.0 0.0 1.0 1.0 0.0 0.0
275 0.0 0.0 0.0 0.0 4.0 1.0 2.0 1.0
276 0.0 0.0 0.0 0.0 8.0 5.0 0.0 3.0
277 0.0 0.0 0.0 0.0 12.0 7.0 5.0 0.0
278 0.0 0.0 0.0 0.0 12.0 8.0 4.0 0.0
279 0.0 0.0 0.0 0.0 7.0 5.0 2.0 0.0
280 0.0 0.0 0.0 0.0 7.0 4.0 3.0 0.0
281 0.0 0.0 0.0 0.0 13.0 8.0 5.0 0.0
282 0.0 0.0 0.0 0.0 15.0 6.0 7.0 2.0
283 0.0 0.0 0.0 0.0 12.0 12.0 0.0 0.0
284 0.0 0.0 0.0 0.0 11.0 8.0 0.0 3.0
285 0.0 0.0 0.0 0.0 6.0 5.0 1.0 0.0
286 0.0 0.0 0.0 0.0 15.0 14.0 0.0 1.0
287 0.0 0.0 0.0 0.0 5.0 3.0 0.0 2.0
288 0.0 0.0 0.0 0.0 2.0 1.0 0.0 1.0
289 0.0 0.0 0.0 0.0 0.0 0.0 0.0 0.0
290 0.0 0.0 0.0 0.0 5.0 2.0 3.0 0.0
291 0.0 0.0 0.0 0.0 1.0 0.0 1.0 0.0
292 0.0 0.0 0.0 0.0 5.0 4.0 1.0 0.0
293 0.0 0.0 0.0 0.0 3.0 2.0 1.0 0.0
294 0.0 0.0 0.0 0.0 2.0 1.0 1.0 0.0
295 0.0 0.0 0.0 0.0 7.0 5.0 2.0 0.0
296 0.0 0.0 0.0 0.0 3.0 1.0 2.0 0.0
297 0.0 0.0 0.0 0.0 4.0 3.0 1.0 0.0
298 0.0 0.0 0.0 0.0 1.0 1.0 0.0 0.0
299 0.0 0.0 0.0 0.0 3.0 1.0 0.0 2.0
300 0.0 0.0 0.0 0.0 44.0 28.0 0.0 16.0
