#/mnt/nas-sph/120_anisotropy_evolution/2182.aim
#xdim 300
#ydim 300
#zdim 300
#el_size 0.018 mm
#ice_vol_frac 0.232205074074 
#mean_cl_ice 10.4257010014 mean_cl_ice_x 11.0975470309 mean_cl_ice_y 10.2880489006 mean_cl_ice_z 9.95616581496 mean_cl_pore 32.0766133753 mean_cl_pore_x 34.1336583615 mean_cl_pore_y 31.3307061267 mean_cl_pore_z 30.9483340076
#mean_cl_squared_ice 191.29102492 mean_cl_squared_ice_x 216.456631407 mean_cl_squared_ice_y 188.085994421 mean_cl_squared_ice_z 171.815336804 	mean_cl_squared_pore 2210.11769982 mean_cl_squared_pore_x 2434.3181176 mean_cl_squared_pore_y 2129.19098004 mean_cl_squared_pore_z 2086.7785355
#i l_ice l_ice_x l_ice_y l_ice_z l_pore l_pore_x l_pore_y l_pore_z
0 0.0 0.0 0.0 0.0 0.0 0.0 0.0 0.0
1 92623.0 27950.0 31387.0 33286.0 64218.0 18481.0 21566.0 24171.0
2 146632.0 43927.0 49407.0 53298.0 95819.0 27883.0 32630.0 35306.0
3 161071.0 48494.0 54489.0 58088.0 100754.0 29918.0 34496.0 36340.0
4 146673.0 43699.0 50401.0 52573.0 87419.0 26404.0 30023.0 30992.0
5 126166.0 37438.0 43712.0 45016.0 69876.0 21300.0 24201.0 24375.0
6 110157.0 32346.0 38326.0 39485.0 57242.0 17395.0 19719.0 20128.0
7 98176.0 28970.0 34152.0 35054.0 49565.0 14859.0 17315.0 17391.0
8 91039.0 26918.0 31675.0 32446.0 44614.0 13020.0 15755.0 15839.0
9 81824.0 24592.0 27897.0 29335.0 41729.0 12137.0 14323.0 15269.0
10 74795.0 22954.0 25417.0 26424.0 39147.0 11582.0 12983.0 14582.0
11 68254.0 21340.0 22983.0 23931.0 37225.0 11071.0 12472.0 13682.0
12 61546.0 19280.0 20721.0 21545.0 35616.0 10596.0 12142.0 12878.0
13 55252.0 17619.0 18309.0 19324.0 34806.0 10200.0 11870.0 12736.0
14 49517.0 15725.0 16499.0 17293.0 32746.0 9673.0 11365.0 11708.0
15 45338.0 14327.0 14889.0 16122.0 31545.0 9479.0 10845.0 11221.0
16 40975.0 13203.0 13510.0 14262.0 30348.0 9223.0 10590.0 10535.0
17 37875.0 12309.0 12477.0 13089.0 29750.0 8944.0 10444.0 10362.0
18 34227.0 11016.0 11418.0 11793.0 28867.0 8854.0 10237.0 9776.0
19 30597.0 10352.0 10110.0 10135.0 28065.0 8568.0 9992.0 9505.0
20 27294.0 9368.0 9169.0 8757.0 27045.0 8266.0 9707.0 9072.0
21 24311.0 8671.0 7956.0 7684.0 26141.0 8091.0 9349.0 8701.0
22 21825.0 7746.0 7309.0 6770.0 25228.0 7728.0 9024.0 8476.0
23 19368.0 6926.0 6362.0 6080.0 24778.0 7494.0 9176.0 8108.0
24 17553.0 6159.0 5924.0 5470.0 24420.0 7701.0 8806.0 7913.0
25 15473.0 5447.0 5112.0 4914.0 23499.0 7337.0 8442.0 7720.0
26 13650.0 4882.0 4471.0 4297.0 23556.0 7324.0 8381.0 7851.0
27 12095.0 4491.0 3767.0 3837.0 22602.0 7030.0 7965.0 7607.0
28 10712.0 3912.0 3273.0 3527.0 21987.0 6777.0 7976.0 7234.0
29 9518.0 3676.0 2885.0 2957.0 21665.0 6804.0 7661.0 7200.0
30 8682.0 3361.0 2581.0 2740.0 21207.0 6578.0 7328.0 7301.0
31 7700.0 3005.0 2374.0 2321.0 20223.0 6470.0 6777.0 6976.0
32 6960.0 2729.0 2203.0 2028.0 19550.0 6329.0 6573.0 6648.0
33 6376.0 2610.0 1864.0 1902.0 19001.0 5948.0 6450.0 6603.0
34 5446.0 2231.0 1688.0 1527.0 18720.0 5980.0 6283.0 6457.0
35 5088.0 2100.0 1584.0 1404.0 18215.0 5731.0 6074.0 6410.0
36 4325.0 1738.0 1353.0 1234.0 17228.0 5445.0 5835.0 5948.0
37 4003.0 1589.0 1246.0 1168.0 16694.0 5196.0 5831.0 5667.0
38 3458.0 1400.0 1074.0 984.0 16296.0 5015.0 5678.0 5603.0
39 3130.0 1219.0 971.0 940.0 16197.0 4969.0 5739.0 5489.0
40 2791.0 1050.0 866.0 875.0 15829.0 4933.0 5611.0 5285.0
41 2432.0 899.0 789.0 744.0 15127.0 4794.0 5328.0 5005.0
42 2145.0 724.0 682.0 739.0 14743.0 4563.0 5303.0 4877.0
43 1840.0 655.0 618.0 567.0 14625.0 4769.0 5297.0 4559.0
44 1557.0 613.0 522.0 422.0 14055.0 4670.0 5079.0 4306.0
45 1337.0 527.0 455.0 355.0 13555.0 4624.0 4788.0 4143.0
46 1198.0 452.0 439.0 307.0 13548.0 4491.0 4885.0 4172.0
47 1044.0 436.0 331.0 277.0 13224.0 4275.0 4935.0 4014.0
48 966.0 335.0 361.0 270.0 12976.0 4253.0 4871.0 3852.0
49 911.0 351.0 296.0 264.0 12789.0 4236.0 4666.0 3887.0
50 799.0 262.0 302.0 235.0 12102.0 4152.0 4175.0 3775.0
51 718.0 279.0 245.0 194.0 11615.0 4027.0 3812.0 3776.0
52 668.0 240.0 267.0 161.0 11146.0 3833.0 3666.0 3647.0
53 596.0 244.0 199.0 153.0 10934.0 3649.0 3706.0 3579.0
54 527.0 213.0 167.0 147.0 11144.0 3554.0 3825.0 3765.0
55 464.0 180.0 166.0 118.0 11142.0 3541.0 3702.0 3899.0
56 481.0 191.0 190.0 100.0 10615.0 3429.0 3407.0 3779.0
57 389.0 154.0 147.0 88.0 10341.0 3272.0 3362.0 3707.0
58 343.0 133.0 135.0 75.0 10159.0 3261.0 3195.0 3703.0
59 348.0 132.0 121.0 95.0 9851.0 3181.0 3120.0 3550.0
60 253.0 102.0 92.0 59.0 9614.0 3055.0 3117.0 3442.0
61 243.0 100.0 94.0 49.0 9178.0 2868.0 3106.0 3204.0
62 247.0 103.0 94.0 50.0 8752.0 2937.0 2688.0 3127.0
63 188.0 88.0 51.0 49.0 8313.0 2815.0 2467.0 3031.0
64 193.0 98.0 59.0 36.0 7991.0 2660.0 2492.0 2839.0
65 188.0 69.0 84.0 35.0 7877.0 2606.0 2548.0 2723.0
66 196.0 62.0 94.0 40.0 7760.0 2544.0 2400.0 2816.0
67 158.0 48.0 74.0 36.0 7620.0 2627.0 2396.0 2597.0
68 121.0 54.0 44.0 23.0 7395.0 2732.0 2283.0 2380.0
69 92.0 44.0 37.0 11.0 7141.0 2539.0 2190.0 2412.0
70 104.0 38.0 46.0 20.0 6967.0 2545.0 2105.0 2317.0
71 105.0 57.0 36.0 12.0 6748.0 2446.0 2021.0 2281.0
72 60.0 21.0 26.0 13.0 6582.0 2279.0 1985.0 2318.0
73 57.0 19.0 24.0 14.0 6263.0 2080.0 1911.0 2272.0
74 60.0 23.0 24.0 13.0 6018.0 1980.0 1881.0 2157.0
75 38.0 13.0 19.0 6.0 6133.0 1992.0 1924.0 2217.0
76 43.0 20.0 17.0 6.0 5892.0 1945.0 1844.0 2103.0
77 44.0 22.0 16.0 6.0 5736.0 1898.0 1745.0 2093.0
78 42.0 19.0 19.0 4.0 5980.0 1970.0 1874.0 2136.0
79 37.0 14.0 21.0 2.0 5852.0 1991.0 1882.0 1979.0
80 33.0 20.0 12.0 1.0 5502.0 1927.0 1730.0 1845.0
81 37.0 24.0 12.0 1.0 5046.0 1730.0 1550.0 1766.0
82 37.0 13.0 22.0 2.0 5016.0 1703.0 1562.0 1751.0
83 27.0 9.0 18.0 0.0 4753.0 1559.0 1468.0 1726.0
84 30.0 16.0 14.0 0.0 4760.0 1507.0 1528.0 1725.0
85 22.0 11.0 11.0 0.0 4557.0 1547.0 1394.0 1616.0
86 28.0 12.0 16.0 0.0 4519.0 1622.0 1397.0 1500.0
87 16.0 8.0 8.0 0.0 4284.0 1509.0 1395.0 1380.0
88 9.0 2.0 7.0 0.0 4240.0 1415.0 1456.0 1369.0
89 14.0 6.0 8.0 0.0 4190.0 1401.0 1374.0 1415.0
90 17.0 11.0 6.0 0.0 4116.0 1463.0 1335.0 1318.0
91 12.0 5.0 7.0 0.0 3819.0 1347.0 1121.0 1351.0
92 11.0 2.0 9.0 0.0 3572.0 1294.0 1064.0 1214.0
93 9.0 1.0 8.0 0.0 3436.0 1245.0 1054.0 1137.0
94 1.0 1.0 0.0 0.0 3400.0 1213.0 1069.0 1118.0
95 6.0 0.0 6.0 0.0 3403.0 1177.0 1062.0 1164.0
96 2.0 0.0 2.0 0.0 3113.0 1044.0 984.0 1085.0
97 7.0 0.0 7.0 0.0 2928.0 1039.0 878.0 1011.0
98 1.0 1.0 0.0 0.0 2850.0 984.0 854.0 1012.0
99 4.0 0.0 4.0 0.0 2747.0 966.0 867.0 914.0
100 1.0 0.0 1.0 0.0 2605.0 987.0 819.0 799.0
101 0.0 0.0 0.0 0.0 2740.0 1020.0 857.0 863.0
102 0.0 0.0 0.0 0.0 2571.0 960.0 831.0 780.0
103 2.0 1.0 1.0 0.0 2640.0 1042.0 868.0 730.0
104 4.0 0.0 4.0 0.0 2504.0 914.0 811.0 779.0
105 0.0 0.0 0.0 0.0 2484.0 915.0 824.0 745.0
106 1.0 0.0 1.0 0.0 2343.0 954.0 669.0 720.0
107 0.0 0.0 0.0 0.0 2420.0 989.0 731.0 700.0
108 0.0 0.0 0.0 0.0 2129.0 893.0 655.0 581.0
109 0.0 0.0 0.0 0.0 2230.0 828.0 783.0 619.0
110 1.0 1.0 0.0 0.0 2219.0 830.0 799.0 590.0
111 0.0 0.0 0.0 0.0 2208.0 935.0 769.0 504.0
112 0.0 0.0 0.0 0.0 2098.0 919.0 632.0 547.0
113 0.0 0.0 0.0 0.0 1992.0 820.0 619.0 553.0
114 0.0 0.0 0.0 0.0 1867.0 814.0 567.0 486.0
115 2.0 0.0 2.0 0.0 1751.0 687.0 576.0 488.0
116 0.0 0.0 0.0 0.0 1738.0 649.0 543.0 546.0
117 0.0 0.0 0.0 0.0 1843.0 661.0 613.0 569.0
118 1.0 1.0 0.0 0.0 1786.0 629.0 565.0 592.0
119 0.0 0.0 0.0 0.0 1739.0 674.0 521.0 544.0
120 0.0 0.0 0.0 0.0 1701.0 587.0 500.0 614.0
121 0.0 0.0 0.0 0.0 1641.0 555.0 476.0 610.0
122 0.0 0.0 0.0 0.0 1547.0 556.0 432.0 559.0
123 0.0 0.0 0.0 0.0 1415.0 525.0 383.0 507.0
124 0.0 0.0 0.0 0.0 1412.0 475.0 421.0 516.0
125 0.0 0.0 0.0 0.0 1412.0 497.0 422.0 493.0
126 0.0 0.0 0.0 0.0 1417.0 542.0 377.0 498.0
127 0.0 0.0 0.0 0.0 1280.0 488.0 375.0 417.0
128 0.0 0.0 0.0 0.0 1240.0 463.0 359.0 418.0
129 0.0 0.0 0.0 0.0 1083.0 435.0 304.0 344.0
130 0.0 0.0 0.0 0.0 1142.0 481.0 338.0 323.0
131 0.0 0.0 0.0 0.0 1139.0 469.0 341.0 329.0
132 0.0 0.0 0.0 0.0 1033.0 421.0 289.0 323.0
133 0.0 0.0 0.0 0.0 1052.0 430.0 306.0 316.0
134 0.0 0.0 0.0 0.0 1037.0 398.0 301.0 338.0
135 0.0 0.0 0.0 0.0 898.0 330.0 311.0 257.0
136 0.0 0.0 0.0 0.0 922.0 330.0 313.0 279.0
137 0.0 0.0 0.0 0.0 974.0 375.0 329.0 270.0
138 0.0 0.0 0.0 0.0 1063.0 429.0 345.0 289.0
139 0.0 0.0 0.0 0.0 980.0 407.0 381.0 192.0
140 0.0 0.0 0.0 0.0 1007.0 344.0 431.0 232.0
141 0.0 0.0 0.0 0.0 990.0 413.0 334.0 243.0
142 0.0 0.0 0.0 0.0 888.0 349.0 300.0 239.0
143 0.0 0.0 0.0 0.0 815.0 291.0 312.0 212.0
144 0.0 0.0 0.0 0.0 876.0 340.0 294.0 242.0
145 0.0 0.0 0.0 0.0 808.0 318.0 276.0 214.0
146 0.0 0.0 0.0 0.0 900.0 268.0 363.0 269.0
147 0.0 0.0 0.0 0.0 887.0 285.0 350.0 252.0
148 0.0 0.0 0.0 0.0 864.0 272.0 324.0 268.0
149 0.0 0.0 0.0 0.0 800.0 246.0 277.0 277.0
150 0.0 0.0 0.0 0.0 803.0 255.0 256.0 292.0
151 0.0 0.0 0.0 0.0 735.0 247.0 234.0 254.0
152 0.0 0.0 0.0 0.0 649.0 218.0 218.0 213.0
153 0.0 0.0 0.0 0.0 625.0 215.0 207.0 203.0
154 0.0 0.0 0.0 0.0 600.0 196.0 217.0 187.0
155 0.0 0.0 0.0 0.0 569.0 172.0 201.0 196.0
156 0.0 0.0 0.0 0.0 628.0 173.0 220.0 235.0
157 0.0 0.0 0.0 0.0 606.0 198.0 186.0 222.0
158 0.0 0.0 0.0 0.0 595.0 194.0 167.0 234.0
159 0.0 0.0 0.0 0.0 516.0 175.0 189.0 152.0
160 0.0 0.0 0.0 0.0 519.0 158.0 183.0 178.0
161 0.0 0.0 0.0 0.0 476.0 155.0 179.0 142.0
162 0.0 0.0 0.0 0.0 555.0 208.0 198.0 149.0
163 0.0 0.0 0.0 0.0 474.0 159.0 132.0 183.0
164 0.0 0.0 0.0 0.0 521.0 190.0 137.0 194.0
165 0.0 0.0 0.0 0.0 482.0 180.0 167.0 135.0
166 0.0 0.0 0.0 0.0 490.0 265.0 127.0 98.0
167 0.0 0.0 0.0 0.0 430.0 196.0 122.0 112.0
168 0.0 0.0 0.0 0.0 491.0 252.0 107.0 132.0
169 0.0 0.0 0.0 0.0 423.0 202.0 101.0 120.0
170 0.0 0.0 0.0 0.0 408.0 197.0 97.0 114.0
171 0.0 0.0 0.0 0.0 417.0 181.0 110.0 126.0
172 0.0 0.0 0.0 0.0 381.0 169.0 112.0 100.0
173 0.0 0.0 0.0 0.0 394.0 181.0 127.0 86.0
174 0.0 0.0 0.0 0.0 337.0 144.0 99.0 94.0
175 0.0 0.0 0.0 0.0 275.0 121.0 81.0 73.0
176 0.0 0.0 0.0 0.0 267.0 94.0 87.0 86.0
177 0.0 0.0 0.0 0.0 279.0 100.0 81.0 98.0
178 0.0 0.0 0.0 0.0 300.0 134.0 88.0 78.0
179 0.0 0.0 0.0 0.0 376.0 148.0 105.0 123.0
180 0.0 0.0 0.0 0.0 411.0 149.0 124.0 138.0
181 0.0 0.0 0.0 0.0 362.0 120.0 112.0 130.0
182 0.0 0.0 0.0 0.0 340.0 101.0 114.0 125.0
183 0.0 0.0 0.0 0.0 359.0 87.0 127.0 145.0
184 0.0 0.0 0.0 0.0 308.0 83.0 128.0 97.0
185 0.0 0.0 0.0 0.0 274.0 77.0 125.0 72.0
186 0.0 0.0 0.0 0.0 282.0 72.0 115.0 95.0
187 0.0 0.0 0.0 0.0 261.0 92.0 104.0 65.0
188 0.0 0.0 0.0 0.0 245.0 75.0 104.0 66.0
189 0.0 0.0 0.0 0.0 243.0 69.0 112.0 62.0
190 0.0 0.0 0.0 0.0 202.0 56.0 75.0 71.0
191 0.0 0.0 0.0 0.0 182.0 45.0 86.0 51.0
192 0.0 0.0 0.0 0.0 164.0 54.0 61.0 49.0
193 0.0 0.0 0.0 0.0 192.0 51.0 79.0 62.0
194 0.0 0.0 0.0 0.0 189.0 66.0 69.0 54.0
195 0.0 0.0 0.0 0.0 172.0 45.0 86.0 41.0
196 0.0 0.0 0.0 0.0 142.0 28.0 70.0 44.0
197 0.0 0.0 0.0 0.0 150.0 27.0 71.0 52.0
198 0.0 0.0 0.0 0.0 156.0 46.0 52.0 58.0
199 0.0 0.0 0.0 0.0 146.0 52.0 46.0 48.0
200 0.0 0.0 0.0 0.0 149.0 44.0 63.0 42.0
201 0.0 0.0 0.0 0.0 131.0 34.0 49.0 48.0
202 0.0 0.0 0.0 0.0 137.0 35.0 55.0 47.0
203 0.0 0.0 0.0 0.0 137.0 34.0 61.0 42.0
204 0.0 0.0 0.0 0.0 123.0 22.0 65.0 36.0
205 0.0 0.0 0.0 0.0 142.0 30.0 71.0 41.0
206 0.0 0.0 0.0 0.0 136.0 34.0 61.0 41.0
207 0.0 0.0 0.0 0.0 116.0 36.0 46.0 34.0
208 0.0 0.0 0.0 0.0 134.0 30.0 70.0 34.0
209 0.0 0.0 0.0 0.0 117.0 23.0 55.0 39.0
210 0.0 0.0 0.0 0.0 126.0 35.0 46.0 45.0
211 0.0 0.0 0.0 0.0 103.0 36.0 31.0 36.0
212 0.0 0.0 0.0 0.0 133.0 46.0 40.0 47.0
213 0.0 0.0 0.0 0.0 112.0 40.0 27.0 45.0
214 0.0 0.0 0.0 0.0 118.0 65.0 22.0 31.0
215 0.0 0.0 0.0 0.0 94.0 34.0 31.0 29.0
216 0.0 0.0 0.0 0.0 98.0 32.0 39.0 27.0
217 0.0 0.0 0.0 0.0 161.0 35.0 81.0 45.0
218 0.0 0.0 0.0 0.0 127.0 45.0 50.0 32.0
219 0.0 0.0 0.0 0.0 105.0 42.0 39.0 24.0
220 0.0 0.0 0.0 0.0 94.0 29.0 36.0 29.0
221 0.0 0.0 0.0 0.0 98.0 13.0 55.0 30.0
222 0.0 0.0 0.0 0.0 86.0 20.0 31.0 35.0
223 0.0 0.0 0.0 0.0 103.0 31.0 38.0 34.0
224 0.0 0.0 0.0 0.0 107.0 20.0 63.0 24.0
225 0.0 0.0 0.0 0.0 96.0 25.0 39.0 32.0
226 0.0 0.0 0.0 0.0 111.0 40.0 32.0 39.0
227 0.0 0.0 0.0 0.0 83.0 30.0 23.0 30.0
228 0.0 0.0 0.0 0.0 78.0 34.0 16.0 28.0
229 0.0 0.0 0.0 0.0 65.0 23.0 14.0 28.0
230 0.0 0.0 0.0 0.0 75.0 13.0 29.0 33.0
231 0.0 0.0 0.0 0.0 68.0 24.0 16.0 28.0
232 0.0 0.0 0.0 0.0 52.0 12.0 21.0 19.0
233 0.0 0.0 0.0 0.0 37.0 8.0 9.0 20.0
234 0.0 0.0 0.0 0.0 33.0 9.0 14.0 10.0
235 0.0 0.0 0.0 0.0 27.0 12.0 2.0 13.0
236 0.0 0.0 0.0 0.0 40.0 10.0 4.0 26.0
237 0.0 0.0 0.0 0.0 35.0 15.0 3.0 17.0
238 0.0 0.0 0.0 0.0 36.0 14.0 7.0 15.0
239 0.0 0.0 0.0 0.0 24.0 5.0 14.0 5.0
240 0.0 0.0 0.0 0.0 44.0 6.0 24.0 14.0
241 0.0 0.0 0.0 0.0 41.0 6.0 24.0 11.0
242 0.0 0.0 0.0 0.0 21.0 4.0 15.0 2.0
243 0.0 0.0 0.0 0.0 25.0 7.0 14.0 4.0
244 0.0 0.0 0.0 0.0 14.0 4.0 10.0 0.0
245 0.0 0.0 0.0 0.0 14.0 7.0 5.0 2.0
246 0.0 0.0 0.0 0.0 19.0 5.0 7.0 7.0
247 0.0 0.0 0.0 0.0 13.0 2.0 8.0 3.0
248 0.0 0.0 0.0 0.0 21.0 1.0 17.0 3.0
249 0.0 0.0 0.0 0.0 19.0 5.0 11.0 3.0
250 0.0 0.0 0.0 0.0 17.0 5.0 6.0 6.0
251 0.0 0.0 0.0 0.0 26.0 7.0 2.0 17.0
252 0.0 0.0 0.0 0.0 35.0 4.0 6.0 25.0
253 0.0 0.0 0.0 0.0 30.0 6.0 2.0 22.0
254 0.0 0.0 0.0 0.0 22.0 3.0 6.0 13.0
255 0.0 0.0 0.0 0.0 23.0 7.0 5.0 11.0
256 0.0 0.0 0.0 0.0 34.0 10.0 18.0 6.0
257 0.0 0.0 0.0 0.0 54.0 5.0 21.0 28.0
258 0.0 0.0 0.0 0.0 71.0 14.0 8.0 49.0
259 0.0 0.0 0.0 0.0 40.0 11.0 10.0 19.0
260 0.0 0.0 0.0 0.0 48.0 10.0 18.0 20.0
261 0.0 0.0 0.0 0.0 43.0 5.0 13.0 25.0
262 0.0 0.0 0.0 0.0 42.0 7.0 17.0 18.0
263 0.0 0.0 0.0 0.0 46.0 10.0 19.0 17.0
264 0.0 0.0 0.0 0.0 53.0 18.0 10.0 25.0
265 0.0 0.0 0.0 0.0 46.0 16.0 5.0 25.0
266 0.0 0.0 0.0 0.0 34.0 9.0 5.0 20.0
267 0.0 0.0 0.0 0.0 20.0 8.0 5.0 7.0
268 0.0 0.0 0.0 0.0 9.0 4.0 2.0 3.0
269 0.0 0.0 0.0 0.0 9.0 2.0 1.0 6.0
270 0.0 0.0 0.0 0.0 13.0 6.0 0.0 7.0
271 0.0 0.0 0.0 0.0 18.0 17.0 1.0 0.0
272 0.0 0.0 0.0 0.0 27.0 23.0 0.0 4.0
273 0.0 0.0 0.0 0.0 35.0 33.0 0.0 2.0
274 0.0 0.0 0.0 0.0 20.0 16.0 0.0 4.0
275 0.0 0.0 0.0 0.0 13.0 13.0 0.0 0.0
276 0.0 0.0 0.0 0.0 25.0 21.0 0.0 4.0
277 0.0 0.0 0.0 0.0 13.0 6.0 5.0 2.0
278 0.0 0.0 0.0 0.0 7.0 1.0 5.0 1.0
279 0.0 0.0 0.0 0.0 12.0 1.0 9.0 2.0
280 0.0 0.0 0.0 0.0 3.0 2.0 1.0 0.0
281 0.0 0.0 0.0 0.0 4.0 2.0 2.0 0.0
282 0.0 0.0 0.0 0.0 6.0 0.0 3.0 3.0
283 0.0 0.0 0.0 0.0 3.0 0.0 2.0 1.0
284 0.0 0.0 0.0 0.0 1.0 0.0 1.0 0.0
285 0.0 0.0 0.0 0.0 0.0 0.0 0.0 0.0
286 0.0 0.0 0.0 0.0 5.0 4.0 1.0 0.0
287 0.0 0.0 0.0 0.0 1.0 0.0 1.0 0.0
288 0.0 0.0 0.0 0.0 3.0 1.0 1.0 1.0
289 0.0 0.0 0.0 0.0 4.0 1.0 3.0 0.0
290 0.0 0.0 0.0 0.0 4.0 1.0 3.0 0.0
291 0.0 0.0 0.0 0.0 7.0 0.0 7.0 0.0
292 0.0 0.0 0.0 0.0 9.0 5.0 4.0 0.0
293 0.0 0.0 0.0 0.0 4.0 1.0 3.0 0.0
294 0.0 0.0 0.0 0.0 3.0 0.0 2.0 1.0
295 0.0 0.0 0.0 0.0 4.0 1.0 3.0 0.0
296 0.0 0.0 0.0 0.0 5.0 0.0 5.0 0.0
297 0.0 0.0 0.0 0.0 5.0 2.0 3.0 0.0
298 0.0 0.0 0.0 0.0 3.0 1.0 2.0 0.0
299 0.0 0.0 0.0 0.0 3.0 1.0 2.0 0.0
300 0.0 0.0 0.0 0.0 82.0 27.0 47.0 8.0
