#/mnt/nas-sph/120_anisotropy_evolution/2193.aim
#xdim 300
#ydim 300
#zdim 300
#el_size 0.018 mm
#ice_vol_frac 0.241095037037 
#mean_cl_ice 12.0450637543 mean_cl_ice_x 12.5653470564 mean_cl_ice_y 11.8893142458 mean_cl_ice_z 11.7134985928 mean_cl_pore 34.7930809252 mean_cl_pore_x 36.4898439643 mean_cl_pore_y 33.9974514895 mean_cl_pore_z 34.0076079831
#mean_cl_squared_ice 263.058816273 mean_cl_squared_ice_x 279.309049004 mean_cl_squared_ice_y 260.981191349 mean_cl_squared_ice_z 249.957144811 	mean_cl_squared_pore 2668.31692673 mean_cl_squared_pore_x 2817.61165585 mean_cl_squared_pore_y 2581.93854373 mean_cl_squared_pore_z 2615.58221817
#i l_ice l_ice_x l_ice_y l_ice_z l_pore l_pore_x l_pore_y l_pore_z
0 0.0 0.0 0.0 0.0 0.0 0.0 0.0 0.0
1 78490.0 23502.0 26784.0 28204.0 61091.0 17572.0 20313.0 23206.0
2 120866.0 36364.0 41179.0 43323.0 92222.0 26482.0 31036.0 34704.0
3 129888.0 39094.0 43990.0 46804.0 94963.0 27476.0 32376.0 35111.0
4 117611.0 34854.0 40349.0 42408.0 80065.0 23772.0 27126.0 29167.0
5 101490.0 29794.0 35607.0 36089.0 63154.0 19325.0 20895.0 22934.0
6 88849.0 26193.0 31571.0 31085.0 51245.0 15314.0 17041.0 18890.0
7 80950.0 24229.0 28651.0 28070.0 43685.0 12962.0 14582.0 16141.0
8 75077.0 23088.0 26177.0 25812.0 38918.0 11496.0 13305.0 14117.0
9 69699.0 22009.0 23978.0 23712.0 35783.0 10762.0 12266.0 12755.0
10 63411.0 20333.0 21757.0 21321.0 33528.0 10081.0 11928.0 11519.0
11 57944.0 19369.0 19470.0 19105.0 31832.0 9628.0 11300.0 10904.0
12 53075.0 18118.0 17521.0 17436.0 30702.0 9137.0 10957.0 10608.0
13 49356.0 17081.0 16090.0 16185.0 28502.0 8602.0 10415.0 9485.0
14 46088.0 16049.0 14905.0 15134.0 27286.0 8442.0 9873.0 8971.0
15 42266.0 14654.0 13617.0 13995.0 25967.0 8063.0 9306.0 8598.0
16 39543.0 13533.0 12924.0 13086.0 24469.0 7899.0 8499.0 8071.0
17 35624.0 12312.0 11677.0 11635.0 23781.0 7638.0 8421.0 7722.0
18 32540.0 11346.0 10664.0 10530.0 23188.0 7528.0 8251.0 7409.0
19 29168.0 10322.0 9687.0 9159.0 22937.0 7385.0 8395.0 7157.0
20 27048.0 9659.0 8917.0 8472.0 22555.0 7376.0 8147.0 7032.0
21 24715.0 8563.0 8373.0 7779.0 22690.0 7464.0 8080.0 7146.0
22 22766.0 8001.0 7602.0 7163.0 21494.0 7019.0 7773.0 6702.0
23 20957.0 7017.0 7033.0 6907.0 20929.0 6843.0 7822.0 6264.0
24 19222.0 6757.0 6123.0 6342.0 20245.0 6560.0 7769.0 5916.0
25 17430.0 6103.0 5406.0 5921.0 19800.0 6414.0 7601.0 5785.0
26 15531.0 5297.0 4715.0 5519.0 19594.0 6172.0 7550.0 5872.0
27 14344.0 4808.0 4381.0 5155.0 18591.0 5822.0 7126.0 5643.0
28 13433.0 4429.0 4146.0 4858.0 18157.0 5840.0 6723.0 5594.0
29 12382.0 4099.0 3711.0 4572.0 17563.0 5680.0 6267.0 5616.0
30 11302.0 3729.0 3559.0 4014.0 17140.0 5501.0 6129.0 5510.0
31 10224.0 3360.0 3064.0 3800.0 17109.0 5190.0 6270.0 5649.0
32 9449.0 3292.0 2829.0 3328.0 16751.0 5150.0 6198.0 5403.0
33 8759.0 2931.0 2768.0 3060.0 16170.0 5200.0 5799.0 5171.0
34 7852.0 2769.0 2565.0 2518.0 16203.0 5344.0 5675.0 5184.0
35 7099.0 2412.0 2436.0 2251.0 15755.0 5188.0 5450.0 5117.0
36 6169.0 2125.0 2163.0 1881.0 15508.0 5223.0 5313.0 4972.0
37 5311.0 1856.0 1764.0 1691.0 15051.0 5219.0 5042.0 4790.0
38 4714.0 1695.0 1552.0 1467.0 14689.0 5186.0 4770.0 4733.0
39 4596.0 1661.0 1495.0 1440.0 14394.0 5149.0 4551.0 4694.0
40 4271.0 1610.0 1336.0 1325.0 14018.0 5027.0 4599.0 4392.0
41 3984.0 1393.0 1367.0 1224.0 13508.0 4702.0 4597.0 4209.0
42 3530.0 1194.0 1234.0 1102.0 13116.0 4427.0 4532.0 4157.0
43 3065.0 1088.0 1068.0 909.0 13312.0 4429.0 4536.0 4347.0
44 2750.0 957.0 894.0 899.0 12776.0 4167.0 4423.0 4186.0
45 2542.0 799.0 835.0 908.0 12359.0 4063.0 4194.0 4102.0
46 2433.0 772.0 765.0 896.0 12631.0 4255.0 4111.0 4265.0
47 2065.0 627.0 683.0 755.0 12209.0 4100.0 4024.0 4085.0
48 1945.0 563.0 688.0 694.0 11727.0 4006.0 3717.0 4004.0
49 1715.0 536.0 590.0 589.0 11543.0 3888.0 3587.0 4068.0
50 1523.0 454.0 563.0 506.0 11533.0 3933.0 3473.0 4127.0
51 1495.0 410.0 587.0 498.0 11060.0 3716.0 3438.0 3906.0
52 1383.0 379.0 557.0 447.0 11061.0 3758.0 3576.0 3727.0
53 1151.0 320.0 483.0 348.0 10931.0 3605.0 3505.0 3821.0
54 1033.0 280.0 434.0 319.0 10397.0 3534.0 3217.0 3646.0
55 965.0 264.0 405.0 296.0 9831.0 3414.0 2926.0 3491.0
56 951.0 260.0 365.0 326.0 9650.0 3267.0 2983.0 3400.0
57 904.0 294.0 315.0 295.0 9604.0 3329.0 3026.0 3249.0
58 775.0 224.0 301.0 250.0 9403.0 3142.0 3001.0 3260.0
59 683.0 222.0 241.0 220.0 9335.0 3233.0 2890.0 3212.0
60 630.0 215.0 232.0 183.0 8667.0 2965.0 2707.0 2995.0
61 578.0 190.0 228.0 160.0 8563.0 3051.0 2616.0 2896.0
62 489.0 170.0 197.0 122.0 8111.0 2883.0 2571.0 2657.0
63 445.0 183.0 166.0 96.0 8041.0 2746.0 2760.0 2535.0
64 445.0 178.0 158.0 109.0 8146.0 2739.0 2776.0 2631.0
65 432.0 163.0 177.0 92.0 7898.0 2677.0 2703.0 2518.0
66 402.0 130.0 182.0 90.0 7259.0 2369.0 2480.0 2410.0
67 390.0 145.0 167.0 78.0 7102.0 2433.0 2457.0 2212.0
68 306.0 103.0 122.0 81.0 6869.0 2378.0 2352.0 2139.0
69 249.0 87.0 89.0 73.0 6502.0 2143.0 2317.0 2042.0
70 196.0 70.0 60.0 66.0 6423.0 2239.0 2192.0 1992.0
71 190.0 63.0 80.0 47.0 6556.0 2254.0 2219.0 2083.0
72 210.0 72.0 83.0 55.0 6384.0 2119.0 2225.0 2040.0
73 181.0 72.0 54.0 55.0 6163.0 2032.0 2177.0 1954.0
74 160.0 81.0 50.0 29.0 5879.0 1934.0 2079.0 1866.0
75 120.0 49.0 38.0 33.0 5722.0 1902.0 2040.0 1780.0
76 126.0 48.0 41.0 37.0 5624.0 1867.0 1954.0 1803.0
77 110.0 38.0 38.0 34.0 5430.0 1757.0 1923.0 1750.0
78 131.0 58.0 43.0 30.0 5175.0 1601.0 1805.0 1769.0
79 107.0 45.0 36.0 26.0 5010.0 1641.0 1619.0 1750.0
80 88.0 41.0 25.0 22.0 4957.0 1623.0 1663.0 1671.0
81 125.0 40.0 58.0 27.0 4879.0 1526.0 1712.0 1641.0
82 89.0 33.0 30.0 26.0 4695.0 1478.0 1611.0 1606.0
83 78.0 33.0 29.0 16.0 4564.0 1477.0 1555.0 1532.0
84 101.0 37.0 41.0 23.0 4605.0 1566.0 1506.0 1533.0
85 67.0 33.0 19.0 15.0 4598.0 1587.0 1559.0 1452.0
86 52.0 37.0 8.0 7.0 4618.0 1587.0 1539.0 1492.0
87 52.0 31.0 10.0 11.0 4434.0 1510.0 1447.0 1477.0
88 32.0 14.0 8.0 10.0 4422.0 1557.0 1343.0 1522.0
89 32.0 16.0 9.0 7.0 4262.0 1418.0 1314.0 1530.0
90 33.0 16.0 11.0 6.0 4183.0 1362.0 1347.0 1474.0
91 17.0 11.0 5.0 1.0 4036.0 1303.0 1321.0 1412.0
92 21.0 13.0 6.0 2.0 3886.0 1283.0 1272.0 1331.0
93 11.0 7.0 3.0 1.0 3969.0 1236.0 1380.0 1353.0
94 11.0 5.0 6.0 0.0 3957.0 1240.0 1325.0 1392.0
95 21.0 8.0 12.0 1.0 3539.0 1129.0 1164.0 1246.0
96 14.0 4.0 7.0 3.0 3570.0 1238.0 1138.0 1194.0
97 32.0 10.0 16.0 6.0 3367.0 1121.0 1089.0 1157.0
98 16.0 4.0 8.0 4.0 3229.0 1115.0 917.0 1197.0
99 20.0 8.0 9.0 3.0 3148.0 1134.0 848.0 1166.0
100 18.0 12.0 4.0 2.0 2986.0 1064.0 847.0 1075.0
101 17.0 11.0 5.0 1.0 3144.0 1163.0 832.0 1149.0
102 23.0 9.0 11.0 3.0 3100.0 1215.0 746.0 1139.0
103 9.0 3.0 5.0 1.0 3000.0 1160.0 808.0 1032.0
104 7.0 1.0 5.0 1.0 2868.0 1138.0 695.0 1035.0
105 5.0 0.0 5.0 0.0 2920.0 1255.0 706.0 959.0
106 4.0 0.0 4.0 0.0 2687.0 1154.0 639.0 894.0
107 3.0 2.0 1.0 0.0 2615.0 1106.0 673.0 836.0
108 1.0 0.0 1.0 0.0 2657.0 1021.0 792.0 844.0
109 0.0 0.0 0.0 0.0 2428.0 895.0 766.0 767.0
110 0.0 0.0 0.0 0.0 2457.0 882.0 800.0 775.0
111 1.0 1.0 0.0 0.0 2418.0 917.0 760.0 741.0
112 1.0 1.0 0.0 0.0 2470.0 984.0 765.0 721.0
113 0.0 0.0 0.0 0.0 2456.0 975.0 797.0 684.0
114 0.0 0.0 0.0 0.0 2404.0 879.0 833.0 692.0
115 1.0 1.0 0.0 0.0 2380.0 847.0 901.0 632.0
116 0.0 0.0 0.0 0.0 2360.0 847.0 910.0 603.0
117 1.0 1.0 0.0 0.0 2335.0 835.0 821.0 679.0
118 0.0 0.0 0.0 0.0 2280.0 707.0 752.0 821.0
119 1.0 0.0 1.0 0.0 2244.0 657.0 760.0 827.0
120 1.0 1.0 0.0 0.0 2101.0 631.0 760.0 710.0
121 0.0 0.0 0.0 0.0 2100.0 585.0 734.0 781.0
122 0.0 0.0 0.0 0.0 2054.0 604.0 700.0 750.0
123 0.0 0.0 0.0 0.0 2059.0 634.0 664.0 761.0
124 0.0 0.0 0.0 0.0 1860.0 599.0 636.0 625.0
125 0.0 0.0 0.0 0.0 1774.0 591.0 567.0 616.0
126 0.0 0.0 0.0 0.0 1762.0 539.0 539.0 684.0
127 0.0 0.0 0.0 0.0 1667.0 484.0 501.0 682.0
128 0.0 0.0 0.0 0.0 1626.0 464.0 509.0 653.0
129 0.0 0.0 0.0 0.0 1615.0 487.0 514.0 614.0
130 0.0 0.0 0.0 0.0 1636.0 493.0 469.0 674.0
131 0.0 0.0 0.0 0.0 1315.0 399.0 357.0 559.0
132 0.0 0.0 0.0 0.0 1276.0 364.0 397.0 515.0
133 0.0 0.0 0.0 0.0 1273.0 375.0 326.0 572.0
134 0.0 0.0 0.0 0.0 1213.0 353.0 357.0 503.0
135 0.0 0.0 0.0 0.0 1139.0 358.0 335.0 446.0
136 0.0 0.0 0.0 0.0 1161.0 374.0 276.0 511.0
137 0.0 0.0 0.0 0.0 1133.0 391.0 300.0 442.0
138 0.0 0.0 0.0 0.0 1097.0 378.0 312.0 407.0
139 0.0 0.0 0.0 0.0 1076.0 390.0 324.0 362.0
140 0.0 0.0 0.0 0.0 1028.0 380.0 305.0 343.0
141 0.0 0.0 0.0 0.0 1040.0 465.0 298.0 277.0
142 0.0 0.0 0.0 0.0 1001.0 479.0 261.0 261.0
143 0.0 0.0 0.0 0.0 1011.0 495.0 261.0 255.0
144 0.0 0.0 0.0 0.0 1000.0 464.0 285.0 251.0
145 0.0 0.0 0.0 0.0 1079.0 414.0 309.0 356.0
146 0.0 0.0 0.0 0.0 1024.0 364.0 340.0 320.0
147 0.0 0.0 0.0 0.0 1000.0 328.0 338.0 334.0
148 0.0 0.0 0.0 0.0 981.0 298.0 320.0 363.0
149 0.0 0.0 0.0 0.0 915.0 256.0 304.0 355.0
150 0.0 0.0 0.0 0.0 861.0 233.0 254.0 374.0
151 0.0 0.0 0.0 0.0 856.0 211.0 269.0 376.0
152 0.0 0.0 0.0 0.0 761.0 196.0 258.0 307.0
153 0.0 0.0 0.0 0.0 728.0 187.0 217.0 324.0
154 0.0 0.0 0.0 0.0 689.0 203.0 211.0 275.0
155 0.0 0.0 0.0 0.0 676.0 226.0 220.0 230.0
156 0.0 0.0 0.0 0.0 591.0 175.0 184.0 232.0
157 0.0 0.0 0.0 0.0 587.0 207.0 190.0 190.0
158 0.0 0.0 0.0 0.0 557.0 204.0 172.0 181.0
159 0.0 0.0 0.0 0.0 581.0 179.0 193.0 209.0
160 0.0 0.0 0.0 0.0 592.0 177.0 198.0 217.0
161 0.0 0.0 0.0 0.0 578.0 177.0 203.0 198.0
162 0.0 0.0 0.0 0.0 498.0 177.0 158.0 163.0
163 0.0 0.0 0.0 0.0 500.0 202.0 171.0 127.0
164 0.0 0.0 0.0 0.0 491.0 176.0 168.0 147.0
165 0.0 0.0 0.0 0.0 586.0 197.0 194.0 195.0
166 0.0 0.0 0.0 0.0 612.0 234.0 175.0 203.0
167 0.0 0.0 0.0 0.0 554.0 184.0 158.0 212.0
168 0.0 0.0 0.0 0.0 593.0 187.0 202.0 204.0
169 0.0 0.0 0.0 0.0 577.0 187.0 196.0 194.0
170 0.0 0.0 0.0 0.0 581.0 213.0 162.0 206.0
171 0.0 0.0 0.0 0.0 577.0 218.0 143.0 216.0
172 0.0 0.0 0.0 0.0 568.0 237.0 118.0 213.0
173 0.0 0.0 0.0 0.0 483.0 168.0 122.0 193.0
174 0.0 0.0 0.0 0.0 494.0 181.0 110.0 203.0
175 0.0 0.0 0.0 0.0 452.0 161.0 113.0 178.0
176 0.0 0.0 0.0 0.0 393.0 167.0 112.0 114.0
177 0.0 0.0 0.0 0.0 335.0 103.0 128.0 104.0
178 0.0 0.0 0.0 0.0 359.0 101.0 129.0 129.0
179 0.0 0.0 0.0 0.0 309.0 97.0 103.0 109.0
180 0.0 0.0 0.0 0.0 301.0 94.0 133.0 74.0
181 0.0 0.0 0.0 0.0 272.0 104.0 114.0 54.0
182 0.0 0.0 0.0 0.0 262.0 97.0 121.0 44.0
183 0.0 0.0 0.0 0.0 329.0 114.0 106.0 109.0
184 0.0 0.0 0.0 0.0 271.0 96.0 87.0 88.0
185 0.0 0.0 0.0 0.0 274.0 105.0 80.0 89.0
186 0.0 0.0 0.0 0.0 282.0 101.0 88.0 93.0
187 0.0 0.0 0.0 0.0 303.0 99.0 99.0 105.0
188 0.0 0.0 0.0 0.0 263.0 82.0 85.0 96.0
189 0.0 0.0 0.0 0.0 258.0 82.0 81.0 95.0
190 0.0 0.0 0.0 0.0 231.0 76.0 73.0 82.0
191 0.0 0.0 0.0 0.0 212.0 76.0 73.0 63.0
192 0.0 0.0 0.0 0.0 217.0 73.0 69.0 75.0
193 0.0 0.0 0.0 0.0 237.0 79.0 73.0 85.0
194 0.0 0.0 0.0 0.0 253.0 105.0 50.0 98.0
195 0.0 0.0 0.0 0.0 246.0 96.0 67.0 83.0
196 0.0 0.0 0.0 0.0 277.0 121.0 71.0 85.0
197 0.0 0.0 0.0 0.0 237.0 101.0 66.0 70.0
198 0.0 0.0 0.0 0.0 198.0 77.0 52.0 69.0
199 0.0 0.0 0.0 0.0 180.0 67.0 53.0 60.0
200 0.0 0.0 0.0 0.0 184.0 68.0 51.0 65.0
201 0.0 0.0 0.0 0.0 145.0 50.0 39.0 56.0
202 0.0 0.0 0.0 0.0 164.0 43.0 41.0 80.0
203 0.0 0.0 0.0 0.0 174.0 46.0 50.0 78.0
204 0.0 0.0 0.0 0.0 162.0 40.0 63.0 59.0
205 0.0 0.0 0.0 0.0 192.0 64.0 84.0 44.0
206 0.0 0.0 0.0 0.0 198.0 68.0 73.0 57.0
207 0.0 0.0 0.0 0.0 235.0 63.0 65.0 107.0
208 0.0 0.0 0.0 0.0 204.0 61.0 79.0 64.0
209 0.0 0.0 0.0 0.0 164.0 34.0 83.0 47.0
210 0.0 0.0 0.0 0.0 145.0 44.0 72.0 29.0
211 0.0 0.0 0.0 0.0 157.0 57.0 74.0 26.0
212 0.0 0.0 0.0 0.0 182.0 42.0 102.0 38.0
213 0.0 0.0 0.0 0.0 200.0 24.0 133.0 43.0
214 0.0 0.0 0.0 0.0 201.0 49.0 119.0 33.0
215 0.0 0.0 0.0 0.0 193.0 43.0 112.0 38.0
216 0.0 0.0 0.0 0.0 180.0 46.0 87.0 47.0
217 0.0 0.0 0.0 0.0 204.0 59.0 103.0 42.0
218 0.0 0.0 0.0 0.0 229.0 45.0 146.0 38.0
219 0.0 0.0 0.0 0.0 246.0 36.0 179.0 31.0
220 0.0 0.0 0.0 0.0 184.0 40.0 101.0 43.0
221 0.0 0.0 0.0 0.0 164.0 42.0 70.0 52.0
222 0.0 0.0 0.0 0.0 185.0 55.0 76.0 54.0
223 0.0 0.0 0.0 0.0 126.0 39.0 64.0 23.0
224 0.0 0.0 0.0 0.0 145.0 41.0 76.0 28.0
225 0.0 0.0 0.0 0.0 165.0 58.0 83.0 24.0
226 0.0 0.0 0.0 0.0 152.0 52.0 69.0 31.0
227 0.0 0.0 0.0 0.0 148.0 51.0 76.0 21.0
228 0.0 0.0 0.0 0.0 141.0 46.0 55.0 40.0
229 0.0 0.0 0.0 0.0 166.0 58.0 60.0 48.0
230 0.0 0.0 0.0 0.0 124.0 40.0 51.0 33.0
231 0.0 0.0 0.0 0.0 108.0 32.0 49.0 27.0
232 0.0 0.0 0.0 0.0 107.0 20.0 55.0 32.0
233 0.0 0.0 0.0 0.0 109.0 25.0 52.0 32.0
234 0.0 0.0 0.0 0.0 110.0 30.0 46.0 34.0
235 0.0 0.0 0.0 0.0 120.0 43.0 47.0 30.0
236 0.0 0.0 0.0 0.0 127.0 62.0 36.0 29.0
237 0.0 0.0 0.0 0.0 123.0 49.0 45.0 29.0
238 0.0 0.0 0.0 0.0 96.0 31.0 31.0 34.0
239 0.0 0.0 0.0 0.0 56.0 15.0 15.0 26.0
240 0.0 0.0 0.0 0.0 61.0 22.0 17.0 22.0
241 0.0 0.0 0.0 0.0 66.0 16.0 22.0 28.0
242 0.0 0.0 0.0 0.0 64.0 13.0 23.0 28.0
243 0.0 0.0 0.0 0.0 45.0 10.0 20.0 15.0
244 0.0 0.0 0.0 0.0 47.0 11.0 12.0 24.0
245 0.0 0.0 0.0 0.0 47.0 17.0 15.0 15.0
246 0.0 0.0 0.0 0.0 55.0 17.0 14.0 24.0
247 0.0 0.0 0.0 0.0 61.0 17.0 25.0 19.0
248 0.0 0.0 0.0 0.0 70.0 17.0 32.0 21.0
249 0.0 0.0 0.0 0.0 86.0 31.0 34.0 21.0
250 0.0 0.0 0.0 0.0 89.0 37.0 32.0 20.0
251 0.0 0.0 0.0 0.0 72.0 21.0 28.0 23.0
252 0.0 0.0 0.0 0.0 54.0 9.0 23.0 22.0
253 0.0 0.0 0.0 0.0 50.0 14.0 26.0 10.0
254 0.0 0.0 0.0 0.0 59.0 14.0 28.0 17.0
255 0.0 0.0 0.0 0.0 71.0 12.0 43.0 16.0
256 0.0 0.0 0.0 0.0 82.0 15.0 46.0 21.0
257 0.0 0.0 0.0 0.0 87.0 26.0 34.0 27.0
258 0.0 0.0 0.0 0.0 76.0 25.0 29.0 22.0
259 0.0 0.0 0.0 0.0 76.0 27.0 24.0 25.0
260 0.0 0.0 0.0 0.0 99.0 17.0 33.0 49.0
261 0.0 0.0 0.0 0.0 60.0 15.0 31.0 14.0
262 0.0 0.0 0.0 0.0 58.0 11.0 25.0 22.0
263 0.0 0.0 0.0 0.0 53.0 19.0 16.0 18.0
264 0.0 0.0 0.0 0.0 65.0 16.0 33.0 16.0
265 0.0 0.0 0.0 0.0 75.0 18.0 30.0 27.0
266 0.0 0.0 0.0 0.0 57.0 12.0 19.0 26.0
267 0.0 0.0 0.0 0.0 44.0 4.0 15.0 25.0
268 0.0 0.0 0.0 0.0 41.0 7.0 21.0 13.0
269 0.0 0.0 0.0 0.0 28.0 2.0 15.0 11.0
270 0.0 0.0 0.0 0.0 32.0 1.0 24.0 7.0
271 0.0 0.0 0.0 0.0 56.0 0.0 44.0 12.0
272 0.0 0.0 0.0 0.0 19.0 0.0 13.0 6.0
273 0.0 0.0 0.0 0.0 11.0 1.0 5.0 5.0
274 0.0 0.0 0.0 0.0 8.0 0.0 2.0 6.0
275 0.0 0.0 0.0 0.0 11.0 0.0 5.0 6.0
276 0.0 0.0 0.0 0.0 8.0 4.0 2.0 2.0
277 0.0 0.0 0.0 0.0 14.0 0.0 4.0 10.0
278 0.0 0.0 0.0 0.0 16.0 0.0 2.0 14.0
279 0.0 0.0 0.0 0.0 24.0 3.0 5.0 16.0
280 0.0 0.0 0.0 0.0 20.0 1.0 13.0 6.0
281 0.0 0.0 0.0 0.0 28.0 4.0 14.0 10.0
282 0.0 0.0 0.0 0.0 27.0 7.0 11.0 9.0
283 0.0 0.0 0.0 0.0 24.0 6.0 6.0 12.0
284 0.0 0.0 0.0 0.0 14.0 1.0 0.0 13.0
285 0.0 0.0 0.0 0.0 17.0 11.0 0.0 6.0
286 0.0 0.0 0.0 0.0 15.0 9.0 0.0 6.0
287 0.0 0.0 0.0 0.0 20.0 12.0 0.0 8.0
288 0.0 0.0 0.0 0.0 25.0 8.0 0.0 17.0
289 0.0 0.0 0.0 0.0 27.0 12.0 0.0 15.0
290 0.0 0.0 0.0 0.0 36.0 15.0 0.0 21.0
291 0.0 0.0 0.0 0.0 23.0 9.0 1.0 13.0
292 0.0 0.0 0.0 0.0 20.0 5.0 10.0 5.0
293 0.0 0.0 0.0 0.0 19.0 1.0 11.0 7.0
294 0.0 0.0 0.0 0.0 11.0 0.0 7.0 4.0
295 0.0 0.0 0.0 0.0 13.0 0.0 3.0 10.0
296 0.0 0.0 0.0 0.0 21.0 14.0 1.0 6.0
297 0.0 0.0 0.0 0.0 11.0 5.0 3.0 3.0
298 0.0 0.0 0.0 0.0 9.0 2.0 3.0 4.0
299 0.0 0.0 0.0 0.0 13.0 6.0 4.0 3.0
300 0.0 0.0 0.0 0.0 364.0 232.0 45.0 87.0
