#/mnt/nas-sph/120_anisotropy_evolution/2197.aim
#xdim 300
#ydim 300
#zdim 300
#el_size 0.018 mm
#ice_vol_frac 0.245121925926 
#mean_cl_ice 12.4456075601 mean_cl_ice_x 12.9801991072 mean_cl_ice_y 12.2370156164 mean_cl_ice_z 12.152261969 mean_cl_pore 35.0735910076 mean_cl_pore_x 36.7412751291 mean_cl_pore_y 34.2066222365 mean_cl_pore_z 34.3843606445
#mean_cl_squared_ice 285.434342193 mean_cl_squared_ice_x 301.504354 mean_cl_squared_ice_y 279.827579959 mean_cl_squared_ice_z 275.957279835 	mean_cl_squared_pore 2711.26238056 mean_cl_squared_pore_x 2818.14344481 mean_cl_squared_pore_y 2575.31030594 mean_cl_squared_pore_z 2747.8961099
#i l_ice l_ice_x l_ice_y l_ice_z l_pore l_pore_x l_pore_y l_pore_z
0 0.0 0.0 0.0 0.0 0.0 0.0 0.0 0.0
1 76129.0 23103.0 25490.0 27536.0 61282.0 17586.0 20859.0 22837.0
2 118338.0 35229.0 40216.0 42893.0 91586.0 25799.0 31449.0 34338.0
3 127393.0 37722.0 43504.0 46167.0 95635.0 27532.0 32461.0 35642.0
4 114391.0 33972.0 39357.0 41062.0 80128.0 23523.0 26831.0 29774.0
5 96831.0 28960.0 33879.0 33992.0 62882.0 18774.0 21110.0 22998.0
6 84940.0 25486.0 29891.0 29563.0 50766.0 15410.0 16838.0 18518.0
7 76846.0 23441.0 26942.0 26463.0 43014.0 13062.0 14471.0 15481.0
8 71070.0 21864.0 25419.0 23787.0 37864.0 11442.0 12940.0 13482.0
9 66863.0 20982.0 23763.0 22118.0 34685.0 10398.0 12013.0 12274.0
10 62886.0 20434.0 21922.0 20530.0 32353.0 9724.0 11284.0 11345.0
11 57075.0 18763.0 19541.0 18771.0 30678.0 9195.0 10984.0 10499.0
12 53352.0 17217.0 18415.0 17720.0 29104.0 8467.0 10720.0 9917.0
13 49417.0 16414.0 16808.0 16195.0 27571.0 8106.0 10182.0 9283.0
14 44773.0 14896.0 15453.0 14424.0 26486.0 7950.0 9514.0 9022.0
15 40628.0 13866.0 13726.0 13036.0 25194.0 7872.0 8717.0 8605.0
16 37736.0 13234.0 12374.0 12128.0 24458.0 7784.0 8224.0 8450.0
17 34086.0 12068.0 10943.0 11075.0 23806.0 7707.0 8237.0 7862.0
18 31699.0 11330.0 10145.0 10224.0 22778.0 7214.0 7870.0 7694.0
19 28637.0 10176.0 8997.0 9464.0 22369.0 7343.0 7695.0 7331.0
20 26397.0 9304.0 8447.0 8646.0 22000.0 7058.0 7815.0 7127.0
21 24630.0 8550.0 7940.0 8140.0 21452.0 6919.0 7767.0 6766.0
22 22492.0 7585.0 7382.0 7525.0 21303.0 6874.0 7998.0 6431.0
23 21142.0 7000.0 7046.0 7096.0 20857.0 6453.0 8152.0 6252.0
24 19159.0 6468.0 6072.0 6619.0 19824.0 6179.0 7638.0 6007.0
25 17689.0 5944.0 5620.0 6125.0 19226.0 6006.0 7292.0 5928.0
26 16095.0 5551.0 5023.0 5521.0 18614.0 6015.0 6823.0 5776.0
27 14865.0 5150.0 4433.0 5282.0 18101.0 5771.0 6592.0 5738.0
28 13397.0 4744.0 4180.0 4473.0 17308.0 5555.0 6250.0 5503.0
29 12344.0 4483.0 3873.0 3988.0 16991.0 5486.0 5998.0 5507.0
30 11140.0 4017.0 3582.0 3541.0 16519.0 5278.0 5883.0 5358.0
31 10172.0 3577.0 3295.0 3300.0 16250.0 5193.0 5786.0 5271.0
32 9370.0 3429.0 2957.0 2984.0 16345.0 5266.0 5798.0 5281.0
33 8604.0 3229.0 2619.0 2756.0 16069.0 5267.0 5602.0 5200.0
34 8030.0 2911.0 2389.0 2730.0 15421.0 5211.0 5280.0 4930.0
35 7410.0 2758.0 2197.0 2455.0 14922.0 5270.0 4941.0 4711.0
36 6782.0 2502.0 2008.0 2272.0 14367.0 5082.0 4728.0 4557.0
37 6332.0 2351.0 2007.0 1974.0 14411.0 5123.0 4757.0 4531.0
38 5752.0 2012.0 1925.0 1815.0 14328.0 4953.0 4767.0 4608.0
39 5091.0 1784.0 1739.0 1568.0 14214.0 4751.0 4815.0 4648.0
40 4897.0 1598.0 1647.0 1652.0 14209.0 4611.0 4785.0 4813.0
41 4574.0 1507.0 1534.0 1533.0 13792.0 4646.0 4575.0 4571.0
42 4043.0 1268.0 1453.0 1322.0 13617.0 4630.0 4568.0 4419.0
43 3844.0 1207.0 1390.0 1247.0 13451.0 4620.0 4370.0 4461.0
44 3400.0 1183.0 1145.0 1072.0 12960.0 4177.0 4301.0 4482.0
45 2985.0 998.0 977.0 1010.0 12074.0 3934.0 3992.0 4148.0
46 2683.0 834.0 927.0 922.0 11848.0 4043.0 3857.0 3948.0
47 2408.0 746.0 845.0 817.0 11370.0 3920.0 3678.0 3772.0
48 2323.0 644.0 902.0 777.0 11451.0 3994.0 3769.0 3688.0
49 2119.0 584.0 770.0 765.0 11148.0 3941.0 3660.0 3547.0
50 1992.0 515.0 791.0 686.0 11076.0 3931.0 3592.0 3553.0
51 1744.0 508.0 594.0 642.0 10894.0 3652.0 3455.0 3787.0
52 1559.0 429.0 546.0 584.0 10554.0 3689.0 3397.0 3468.0
53 1456.0 394.0 474.0 588.0 10068.0 3688.0 3184.0 3196.0
54 1316.0 405.0 407.0 504.0 9952.0 3677.0 3121.0 3154.0
55 1169.0 375.0 359.0 435.0 9758.0 3635.0 3061.0 3062.0
56 1126.0 343.0 381.0 402.0 9651.0 3606.0 3173.0 2872.0
57 1041.0 315.0 385.0 341.0 8981.0 3369.0 2985.0 2627.0
58 953.0 297.0 334.0 322.0 8844.0 3315.0 2814.0 2715.0
59 887.0 247.0 307.0 333.0 8622.0 3259.0 2706.0 2657.0
60 875.0 198.0 331.0 346.0 8577.0 3217.0 2607.0 2753.0
61 793.0 236.0 260.0 297.0 8160.0 2948.0 2688.0 2524.0
62 712.0 211.0 246.0 255.0 8312.0 2827.0 2894.0 2591.0
63 600.0 194.0 213.0 193.0 8199.0 2823.0 2880.0 2496.0
64 580.0 188.0 211.0 181.0 7976.0 2804.0 2789.0 2383.0
65 479.0 171.0 172.0 136.0 7871.0 2639.0 2815.0 2417.0
66 453.0 137.0 157.0 159.0 7159.0 2529.0 2561.0 2069.0
67 379.0 116.0 145.0 118.0 7013.0 2574.0 2477.0 1962.0
68 351.0 96.0 157.0 98.0 7031.0 2658.0 2535.0 1838.0
69 286.0 98.0 110.0 78.0 6836.0 2424.0 2644.0 1768.0
70 281.0 104.0 92.0 85.0 6374.0 2261.0 2407.0 1706.0
71 280.0 105.0 83.0 92.0 6515.0 2398.0 2361.0 1756.0
72 232.0 71.0 107.0 54.0 6560.0 2351.0 2287.0 1922.0
73 224.0 63.0 104.0 57.0 6252.0 2264.0 2144.0 1844.0
74 205.0 78.0 84.0 43.0 6092.0 2069.0 2097.0 1926.0
75 192.0 61.0 69.0 62.0 5960.0 1990.0 2091.0 1879.0
76 174.0 65.0 58.0 51.0 5836.0 1879.0 2143.0 1814.0
77 134.0 67.0 40.0 27.0 5539.0 1800.0 2066.0 1673.0
78 147.0 64.0 53.0 30.0 5632.0 1711.0 2076.0 1845.0
79 140.0 56.0 49.0 35.0 5337.0 1658.0 1925.0 1754.0
80 111.0 58.0 33.0 20.0 5304.0 1759.0 1859.0 1686.0
81 103.0 58.0 24.0 21.0 5285.0 1685.0 1831.0 1769.0
82 107.0 58.0 26.0 23.0 5001.0 1590.0 1747.0 1664.0
83 100.0 50.0 33.0 17.0 4911.0 1629.0 1632.0 1650.0
84 57.0 32.0 11.0 14.0 4941.0 1651.0 1654.0 1636.0
85 68.0 44.0 11.0 13.0 4891.0 1602.0 1691.0 1598.0
86 66.0 30.0 28.0 8.0 4637.0 1514.0 1570.0 1553.0
87 60.0 22.0 24.0 14.0 4486.0 1393.0 1464.0 1629.0
88 43.0 29.0 5.0 9.0 4458.0 1472.0 1392.0 1594.0
89 35.0 23.0 5.0 7.0 4222.0 1355.0 1401.0 1466.0
90 41.0 20.0 14.0 7.0 3955.0 1265.0 1316.0 1374.0
91 43.0 11.0 18.0 14.0 4057.0 1363.0 1351.0 1343.0
92 34.0 10.0 15.0 9.0 3987.0 1421.0 1304.0 1262.0
93 35.0 11.0 12.0 12.0 3747.0 1277.0 1227.0 1243.0
94 33.0 13.0 7.0 13.0 3981.0 1337.0 1230.0 1414.0
95 31.0 19.0 4.0 8.0 3760.0 1242.0 1264.0 1254.0
96 29.0 13.0 6.0 10.0 3526.0 1164.0 1276.0 1086.0
97 25.0 9.0 10.0 6.0 3348.0 1116.0 1142.0 1090.0
98 25.0 8.0 8.0 9.0 3264.0 1215.0 1007.0 1042.0
99 32.0 8.0 12.0 12.0 3138.0 1120.0 1005.0 1013.0
100 23.0 6.0 7.0 10.0 2969.0 1074.0 918.0 977.0
101 18.0 7.0 7.0 4.0 3058.0 1193.0 833.0 1032.0
102 12.0 5.0 4.0 3.0 3005.0 1205.0 874.0 926.0
103 21.0 8.0 6.0 7.0 2848.0 1105.0 858.0 885.0
104 23.0 7.0 8.0 8.0 2913.0 1152.0 829.0 932.0
105 12.0 2.0 4.0 6.0 2808.0 1089.0 737.0 982.0
106 21.0 11.0 8.0 2.0 2729.0 961.0 754.0 1014.0
107 17.0 6.0 10.0 1.0 2697.0 951.0 777.0 969.0
108 4.0 2.0 1.0 1.0 2730.0 1015.0 829.0 886.0
109 7.0 1.0 4.0 2.0 2658.0 949.0 813.0 896.0
110 1.0 0.0 1.0 0.0 2549.0 838.0 812.0 899.0
111 1.0 0.0 0.0 1.0 2607.0 885.0 811.0 911.0
112 2.0 0.0 1.0 1.0 2694.0 881.0 892.0 921.0
113 2.0 2.0 0.0 0.0 2782.0 861.0 1007.0 914.0
114 1.0 0.0 0.0 1.0 2664.0 948.0 893.0 823.0
115 1.0 1.0 0.0 0.0 2498.0 855.0 819.0 824.0
116 2.0 1.0 0.0 1.0 2476.0 819.0 811.0 846.0
117 3.0 0.0 1.0 2.0 2242.0 758.0 812.0 672.0
118 9.0 0.0 4.0 5.0 2166.0 733.0 779.0 654.0
119 7.0 3.0 2.0 2.0 2026.0 621.0 683.0 722.0
120 4.0 3.0 1.0 0.0 1953.0 581.0 680.0 692.0
121 2.0 0.0 2.0 0.0 1876.0 586.0 634.0 656.0
122 2.0 0.0 2.0 0.0 1897.0 564.0 674.0 659.0
123 0.0 0.0 0.0 0.0 1747.0 515.0 593.0 639.0
124 1.0 0.0 1.0 0.0 1818.0 515.0 641.0 662.0
125 3.0 0.0 3.0 0.0 1660.0 479.0 533.0 648.0
126 2.0 0.0 2.0 0.0 1526.0 446.0 432.0 648.0
127 3.0 0.0 1.0 2.0 1478.0 398.0 462.0 618.0
128 0.0 0.0 0.0 0.0 1456.0 419.0 435.0 602.0
129 3.0 0.0 3.0 0.0 1338.0 384.0 428.0 526.0
130 2.0 0.0 2.0 0.0 1326.0 410.0 456.0 460.0
131 4.0 0.0 4.0 0.0 1281.0 374.0 426.0 481.0
132 2.0 0.0 2.0 0.0 1235.0 354.0 378.0 503.0
133 8.0 0.0 8.0 0.0 1249.0 316.0 380.0 553.0
134 6.0 0.0 6.0 0.0 1260.0 281.0 392.0 587.0
135 2.0 0.0 2.0 0.0 1297.0 295.0 401.0 601.0
136 1.0 0.0 1.0 0.0 1241.0 263.0 364.0 614.0
137 0.0 0.0 0.0 0.0 1065.0 254.0 298.0 513.0
138 0.0 0.0 0.0 0.0 1140.0 311.0 353.0 476.0
139 0.0 0.0 0.0 0.0 1101.0 352.0 291.0 458.0
140 0.0 0.0 0.0 0.0 1196.0 447.0 317.0 432.0
141 0.0 0.0 0.0 0.0 1115.0 495.0 286.0 334.0
142 0.0 0.0 0.0 0.0 1215.0 508.0 323.0 384.0
143 0.0 0.0 0.0 0.0 1204.0 505.0 323.0 376.0
144 0.0 0.0 0.0 0.0 1089.0 466.0 287.0 336.0
145 0.0 0.0 0.0 0.0 926.0 365.0 259.0 302.0
146 0.0 0.0 0.0 0.0 960.0 341.0 327.0 292.0
147 0.0 0.0 0.0 0.0 948.0 359.0 290.0 299.0
148 0.0 0.0 0.0 0.0 988.0 347.0 291.0 350.0
149 0.0 0.0 0.0 0.0 967.0 313.0 322.0 332.0
150 0.0 0.0 0.0 0.0 902.0 264.0 290.0 348.0
151 0.0 0.0 0.0 0.0 907.0 276.0 298.0 333.0
152 0.0 0.0 0.0 0.0 878.0 284.0 277.0 317.0
153 0.0 0.0 0.0 0.0 722.0 245.0 219.0 258.0
154 0.0 0.0 0.0 0.0 716.0 262.0 204.0 250.0
155 0.0 0.0 0.0 0.0 702.0 255.0 198.0 249.0
156 0.0 0.0 0.0 0.0 743.0 283.0 183.0 277.0
157 0.0 0.0 0.0 0.0 715.0 244.0 175.0 296.0
158 0.0 0.0 0.0 0.0 666.0 224.0 168.0 274.0
159 0.0 0.0 0.0 0.0 720.0 226.0 167.0 327.0
160 0.0 0.0 0.0 0.0 670.0 236.0 171.0 263.0
161 0.0 0.0 0.0 0.0 635.0 239.0 151.0 245.0
162 1.0 1.0 0.0 0.0 678.0 245.0 138.0 295.0
163 0.0 0.0 0.0 0.0 771.0 249.0 211.0 311.0
164 0.0 0.0 0.0 0.0 700.0 208.0 177.0 315.0
165 0.0 0.0 0.0 0.0 726.0 205.0 149.0 372.0
166 0.0 0.0 0.0 0.0 596.0 174.0 135.0 287.0
167 0.0 0.0 0.0 0.0 602.0 203.0 142.0 257.0
168 0.0 0.0 0.0 0.0 622.0 232.0 141.0 249.0
169 0.0 0.0 0.0 0.0 593.0 251.0 136.0 206.0
170 0.0 0.0 0.0 0.0 538.0 211.0 126.0 201.0
171 0.0 0.0 0.0 0.0 484.0 219.0 125.0 140.0
172 0.0 0.0 0.0 0.0 492.0 218.0 149.0 125.0
173 0.0 0.0 0.0 0.0 452.0 228.0 130.0 94.0
174 1.0 1.0 0.0 0.0 432.0 210.0 91.0 131.0
175 0.0 0.0 0.0 0.0 361.0 141.0 99.0 121.0
176 0.0 0.0 0.0 0.0 381.0 144.0 99.0 138.0
177 0.0 0.0 0.0 0.0 328.0 138.0 102.0 88.0
178 0.0 0.0 0.0 0.0 353.0 108.0 137.0 108.0
179 0.0 0.0 0.0 0.0 366.0 105.0 160.0 101.0
180 0.0 0.0 0.0 0.0 370.0 103.0 181.0 86.0
181 0.0 0.0 0.0 0.0 410.0 86.0 232.0 92.0
182 0.0 0.0 0.0 0.0 373.0 106.0 166.0 101.0
183 0.0 0.0 0.0 0.0 347.0 99.0 156.0 92.0
184 1.0 1.0 0.0 0.0 348.0 95.0 143.0 110.0
185 0.0 0.0 0.0 0.0 366.0 126.0 130.0 110.0
186 0.0 0.0 0.0 0.0 346.0 112.0 135.0 99.0
187 0.0 0.0 0.0 0.0 384.0 155.0 102.0 127.0
188 0.0 0.0 0.0 0.0 390.0 135.0 100.0 155.0
189 0.0 0.0 0.0 0.0 367.0 94.0 109.0 164.0
190 0.0 0.0 0.0 0.0 330.0 131.0 67.0 132.0
191 0.0 0.0 0.0 0.0 324.0 116.0 64.0 144.0
192 0.0 0.0 0.0 0.0 259.0 95.0 60.0 104.0
193 0.0 0.0 0.0 0.0 203.0 76.0 49.0 78.0
194 0.0 0.0 0.0 0.0 201.0 57.0 77.0 67.0
195 0.0 0.0 0.0 0.0 191.0 68.0 63.0 60.0
196 0.0 0.0 0.0 0.0 192.0 70.0 59.0 63.0
197 0.0 0.0 0.0 0.0 192.0 55.0 65.0 72.0
198 0.0 0.0 0.0 0.0 265.0 64.0 89.0 112.0
199 0.0 0.0 0.0 0.0 192.0 42.0 93.0 57.0
200 0.0 0.0 0.0 0.0 199.0 35.0 79.0 85.0
201 0.0 0.0 0.0 0.0 214.0 34.0 81.0 99.0
202 0.0 0.0 0.0 0.0 183.0 44.0 64.0 75.0
203 0.0 0.0 0.0 0.0 206.0 37.0 95.0 74.0
204 0.0 0.0 0.0 0.0 241.0 60.0 69.0 112.0
205 0.0 0.0 0.0 0.0 195.0 60.0 66.0 69.0
206 0.0 0.0 0.0 0.0 170.0 44.0 72.0 54.0
207 0.0 0.0 0.0 0.0 187.0 60.0 76.0 51.0
208 0.0 0.0 0.0 0.0 184.0 43.0 78.0 63.0
209 0.0 0.0 0.0 0.0 192.0 42.0 55.0 95.0
210 0.0 0.0 0.0 0.0 197.0 56.0 43.0 98.0
211 0.0 0.0 0.0 0.0 158.0 47.0 45.0 66.0
212 0.0 0.0 0.0 0.0 152.0 48.0 41.0 63.0
213 0.0 0.0 0.0 0.0 149.0 41.0 45.0 63.0
214 0.0 0.0 0.0 0.0 161.0 49.0 37.0 75.0
215 0.0 0.0 0.0 0.0 144.0 53.0 38.0 53.0
216 0.0 0.0 0.0 0.0 191.0 70.0 56.0 65.0
217 0.0 0.0 0.0 0.0 187.0 78.0 33.0 76.0
218 0.0 0.0 0.0 0.0 170.0 67.0 30.0 73.0
219 0.0 0.0 0.0 0.0 177.0 50.0 49.0 78.0
220 0.0 0.0 0.0 0.0 150.0 46.0 45.0 59.0
221 0.0 0.0 0.0 0.0 135.0 44.0 52.0 39.0
222 0.0 0.0 0.0 0.0 154.0 51.0 60.0 43.0
223 0.0 0.0 0.0 0.0 161.0 55.0 70.0 36.0
224 0.0 0.0 0.0 0.0 150.0 37.0 65.0 48.0
225 0.0 0.0 0.0 0.0 117.0 44.0 47.0 26.0
226 0.0 0.0 0.0 0.0 151.0 47.0 66.0 38.0
227 0.0 0.0 0.0 0.0 143.0 44.0 70.0 29.0
228 0.0 0.0 0.0 0.0 107.0 31.0 58.0 18.0
229 0.0 0.0 0.0 0.0 138.0 35.0 73.0 30.0
230 0.0 0.0 0.0 0.0 125.0 40.0 70.0 15.0
231 0.0 0.0 0.0 0.0 109.0 30.0 55.0 24.0
232 0.0 0.0 0.0 0.0 137.0 50.0 59.0 28.0
233 0.0 0.0 0.0 0.0 116.0 29.0 56.0 31.0
234 0.0 0.0 0.0 0.0 107.0 21.0 56.0 30.0
235 0.0 0.0 0.0 0.0 91.0 16.0 41.0 34.0
236 0.0 0.0 0.0 0.0 83.0 13.0 45.0 25.0
237 0.0 0.0 0.0 0.0 97.0 18.0 49.0 30.0
238 0.0 0.0 0.0 0.0 96.0 15.0 53.0 28.0
239 0.0 0.0 0.0 0.0 76.0 20.0 23.0 33.0
240 0.0 0.0 0.0 0.0 90.0 9.0 42.0 39.0
241 0.0 0.0 0.0 0.0 64.0 9.0 23.0 32.0
242 0.0 0.0 0.0 0.0 56.0 17.0 26.0 13.0
243 0.0 0.0 0.0 0.0 62.0 20.0 28.0 14.0
244 0.0 0.0 0.0 0.0 48.0 24.0 6.0 18.0
245 0.0 0.0 0.0 0.0 51.0 16.0 7.0 28.0
246 0.0 0.0 0.0 0.0 43.0 17.0 2.0 24.0
247 0.0 0.0 0.0 0.0 51.0 14.0 10.0 27.0
248 0.0 0.0 0.0 0.0 36.0 8.0 18.0 10.0
249 0.0 0.0 0.0 0.0 33.0 10.0 11.0 12.0
250 0.0 0.0 0.0 0.0 48.0 23.0 18.0 7.0
251 0.0 0.0 0.0 0.0 47.0 16.0 17.0 14.0
252 0.0 0.0 0.0 0.0 43.0 14.0 18.0 11.0
253 0.0 0.0 0.0 0.0 46.0 11.0 19.0 16.0
254 0.0 0.0 0.0 0.0 56.0 13.0 26.0 17.0
255 0.0 0.0 0.0 0.0 51.0 10.0 17.0 24.0
256 0.0 0.0 0.0 0.0 37.0 9.0 13.0 15.0
257 0.0 0.0 0.0 0.0 45.0 13.0 5.0 27.0
258 0.0 0.0 0.0 0.0 47.0 14.0 12.0 21.0
259 0.0 0.0 0.0 0.0 30.0 12.0 5.0 13.0
260 0.0 0.0 0.0 0.0 26.0 9.0 10.0 7.0
261 0.0 0.0 0.0 0.0 23.0 5.0 15.0 3.0
262 0.0 0.0 0.0 0.0 30.0 5.0 20.0 5.0
263 0.0 0.0 0.0 0.0 33.0 1.0 18.0 14.0
264 0.0 0.0 0.0 0.0 29.0 0.0 13.0 16.0
265 0.0 0.0 0.0 0.0 44.0 1.0 23.0 20.0
266 0.0 0.0 0.0 0.0 69.0 0.0 26.0 43.0
267 0.0 0.0 0.0 0.0 58.0 0.0 14.0 44.0
268 0.0 0.0 0.0 0.0 39.0 0.0 12.0 27.0
269 0.0 0.0 0.0 0.0 33.0 1.0 13.0 19.0
270 0.0 0.0 0.0 0.0 27.0 0.0 14.0 13.0
271 0.0 0.0 0.0 0.0 43.0 1.0 15.0 27.0
272 0.0 0.0 0.0 0.0 41.0 5.0 11.0 25.0
273 0.0 0.0 0.0 0.0 22.0 1.0 3.0 18.0
274 0.0 0.0 0.0 0.0 16.0 0.0 4.0 12.0
275 0.0 0.0 0.0 0.0 23.0 1.0 5.0 17.0
276 0.0 0.0 0.0 0.0 21.0 4.0 2.0 15.0
277 0.0 0.0 0.0 0.0 27.0 4.0 6.0 17.0
278 0.0 0.0 0.0 0.0 29.0 9.0 3.0 17.0
279 0.0 0.0 0.0 0.0 23.0 4.0 1.0 18.0
280 0.0 0.0 0.0 0.0 21.0 4.0 3.0 14.0
281 0.0 0.0 0.0 0.0 22.0 3.0 1.0 18.0
282 0.0 0.0 0.0 0.0 27.0 7.0 6.0 14.0
283 0.0 0.0 0.0 0.0 24.0 7.0 3.0 14.0
284 0.0 0.0 0.0 0.0 21.0 6.0 4.0 11.0
285 0.0 0.0 0.0 0.0 29.0 2.0 18.0 9.0
286 0.0 0.0 0.0 0.0 24.0 1.0 6.0 17.0
287 0.0 0.0 0.0 0.0 21.0 3.0 4.0 14.0
288 0.0 0.0 0.0 0.0 32.0 4.0 1.0 27.0
289 0.0 0.0 0.0 0.0 31.0 3.0 8.0 20.0
290 0.0 0.0 0.0 0.0 20.0 5.0 2.0 13.0
291 0.0 0.0 0.0 0.0 22.0 0.0 4.0 18.0
292 0.0 0.0 0.0 0.0 23.0 1.0 2.0 20.0
293 0.0 0.0 0.0 0.0 23.0 0.0 9.0 14.0
294 0.0 0.0 0.0 0.0 29.0 1.0 14.0 14.0
295 0.0 0.0 0.0 0.0 19.0 0.0 8.0 11.0
296 0.0 0.0 0.0 0.0 20.0 0.0 8.0 12.0
297 0.0 0.0 0.0 0.0 4.0 0.0 1.0 3.0
298 0.0 0.0 0.0 0.0 11.0 0.0 1.0 10.0
299 0.0 0.0 0.0 0.0 26.0 1.0 1.0 24.0
300 0.0 0.0 0.0 0.0 366.0 177.0 42.0 147.0
