#/mnt/nas-sph/120_anisotropy_evolution/2209.aim
#xdim 300
#ydim 300
#zdim 300
#el_size 0.018 mm
#ice_vol_frac 0.254892444444 
#mean_cl_ice 13.9397115548 mean_cl_ice_x 14.5675640206 mean_cl_ice_y 13.660834129 mean_cl_ice_z 13.6305040166 mean_cl_pore 37.2388042112 mean_cl_pore_x 38.9490859951 mean_cl_pore_y 36.133694229 mean_cl_pore_z 36.749057431
#mean_cl_squared_ice 360.002602097 mean_cl_squared_ice_x 382.071020647 mean_cl_squared_ice_y 346.254331726 mean_cl_squared_ice_z 353.071482896 	mean_cl_squared_pore 3118.85795519 mean_cl_squared_pore_x 3164.19675597 mean_cl_squared_pore_y 2841.66083953 mean_cl_squared_pore_z 3357.99793585
#i l_ice l_ice_x l_ice_y l_ice_z l_pore l_pore_x l_pore_y l_pore_z
0 0.0 0.0 0.0 0.0 0.0 0.0 0.0 0.0
1 61050.0 18426.0 20028.0 22596.0 57369.0 15980.0 19293.0 22096.0
2 95188.0 28839.0 31276.0 35073.0 85963.0 23711.0 29174.0 33078.0
3 104272.0 30815.0 35240.0 38217.0 88591.0 24902.0 30043.0 33646.0
4 95668.0 27511.0 33158.0 34999.0 74193.0 21265.0 24887.0 28041.0
5 84146.0 23965.0 29720.0 30461.0 58055.0 17100.0 19302.0 21653.0
6 75991.0 22410.0 27069.0 26512.0 47332.0 13910.0 15390.0 18032.0
7 69604.0 20857.0 24981.0 23766.0 40957.0 11881.0 13713.0 15363.0
8 65388.0 20359.0 23151.0 21878.0 36045.0 10696.0 12383.0 12966.0
9 60968.0 19329.0 21587.0 20052.0 32352.0 9394.0 11398.0 11560.0
10 56719.0 18042.0 20331.0 18346.0 29816.0 8799.0 10257.0 10760.0
11 52535.0 16554.0 18656.0 17325.0 27203.0 8067.0 9562.0 9574.0
12 48876.0 15624.0 17433.0 15819.0 25372.0 7787.0 8757.0 8828.0
13 45710.0 14961.0 15739.0 15010.0 23964.0 7322.0 8318.0 8324.0
14 41821.0 13810.0 14306.0 13705.0 23508.0 7092.0 8049.0 8367.0
15 38697.0 13124.0 13212.0 12361.0 22553.0 6815.0 7861.0 7877.0
16 35491.0 12381.0 12029.0 11081.0 22035.0 6988.0 7407.0 7640.0
17 32807.0 11527.0 10792.0 10488.0 20669.0 6839.0 6776.0 7054.0
18 30296.0 10756.0 9814.0 9726.0 20056.0 6637.0 6883.0 6536.0
19 28618.0 10167.0 9182.0 9269.0 19711.0 6593.0 6906.0 6212.0
20 26486.0 9168.0 8551.0 8767.0 19336.0 6260.0 7048.0 6028.0
21 24699.0 8529.0 7753.0 8417.0 19117.0 6144.0 7086.0 5887.0
22 22616.0 7618.0 7454.0 7544.0 18682.0 6187.0 6981.0 5514.0
23 20798.0 7188.0 6863.0 6747.0 18427.0 6118.0 6962.0 5347.0
24 19215.0 6706.0 6488.0 6021.0 17759.0 5972.0 6530.0 5257.0
25 17916.0 6405.0 5977.0 5534.0 17353.0 5801.0 6315.0 5237.0
26 16753.0 5980.0 5509.0 5264.0 16564.0 5587.0 5990.0 4987.0
27 15653.0 5450.0 5324.0 4879.0 15727.0 5311.0 5930.0 4486.0
28 14596.0 5207.0 4976.0 4413.0 15629.0 5379.0 5773.0 4477.0
29 13064.0 4708.0 4347.0 4009.0 15617.0 5301.0 5790.0 4526.0
30 12575.0 4590.0 4151.0 3834.0 15133.0 5158.0 5463.0 4512.0
31 11587.0 4168.0 3857.0 3562.0 14830.0 5181.0 5321.0 4328.0
32 10861.0 3968.0 3440.0 3453.0 14686.0 5156.0 5330.0 4200.0
33 9938.0 3608.0 3162.0 3168.0 13936.0 4863.0 5008.0 4065.0
34 9166.0 3224.0 2996.0 2946.0 13466.0 4758.0 4802.0 3906.0
35 8511.0 2954.0 2727.0 2830.0 13439.0 4636.0 4901.0 3902.0
36 7803.0 2658.0 2452.0 2693.0 13119.0 4534.0 4479.0 4106.0
37 7301.0 2413.0 2276.0 2612.0 13047.0 4573.0 4187.0 4287.0
38 6649.0 2226.0 2038.0 2385.0 12857.0 4570.0 4300.0 3987.0
39 5889.0 1911.0 1811.0 2167.0 12414.0 4205.0 4259.0 3950.0
40 5694.0 1779.0 1616.0 2299.0 12074.0 4034.0 4149.0 3891.0
41 5219.0 1568.0 1552.0 2099.0 11641.0 3899.0 4128.0 3614.0
42 4727.0 1554.0 1320.0 1853.0 11298.0 3706.0 4012.0 3580.0
43 4483.0 1564.0 1252.0 1667.0 11139.0 3693.0 3843.0 3603.0
44 4123.0 1349.0 1271.0 1503.0 10614.0 3617.0 3567.0 3430.0
45 3774.0 1173.0 1192.0 1409.0 10286.0 3619.0 3367.0 3300.0
46 3564.0 1081.0 1144.0 1339.0 10273.0 3668.0 3385.0 3220.0
47 3294.0 998.0 1094.0 1202.0 10237.0 3565.0 3447.0 3225.0
48 2900.0 918.0 957.0 1025.0 10157.0 3403.0 3677.0 3077.0
49 2638.0 911.0 836.0 891.0 9775.0 3318.0 3547.0 2910.0
50 2427.0 810.0 778.0 839.0 9367.0 3195.0 3464.0 2708.0
51 2390.0 756.0 740.0 894.0 9043.0 3249.0 3147.0 2647.0
52 2217.0 684.0 745.0 788.0 8879.0 3155.0 3072.0 2652.0
53 2194.0 708.0 725.0 761.0 8800.0 3216.0 2867.0 2717.0
54 1975.0 599.0 633.0 743.0 8599.0 3110.0 2848.0 2641.0
55 1751.0 516.0 607.0 628.0 8568.0 3101.0 2841.0 2626.0
56 1607.0 492.0 495.0 620.0 8519.0 3171.0 2621.0 2727.0
57 1402.0 421.0 449.0 532.0 8631.0 3224.0 2728.0 2679.0
58 1351.0 430.0 478.0 443.0 8507.0 3161.0 2781.0 2565.0
59 1178.0 369.0 440.0 369.0 8303.0 2957.0 2950.0 2396.0
60 1237.0 427.0 434.0 376.0 7813.0 2754.0 2897.0 2162.0
61 1270.0 436.0 421.0 413.0 7872.0 2661.0 3051.0 2160.0
62 1186.0 373.0 428.0 385.0 7779.0 2626.0 2961.0 2192.0
63 1056.0 337.0 381.0 338.0 7565.0 2528.0 2900.0 2137.0
64 917.0 275.0 360.0 282.0 7222.0 2451.0 2841.0 1930.0
65 826.0 239.0 318.0 269.0 7130.0 2395.0 2742.0 1993.0
66 771.0 255.0 286.0 230.0 7023.0 2299.0 2772.0 1952.0
67 717.0 200.0 289.0 228.0 6853.0 2166.0 2784.0 1903.0
68 615.0 189.0 264.0 162.0 6746.0 2075.0 2841.0 1830.0
69 592.0 191.0 239.0 162.0 6884.0 2060.0 2994.0 1830.0
70 511.0 168.0 201.0 142.0 7121.0 2189.0 2839.0 2093.0
71 470.0 157.0 175.0 138.0 7144.0 2113.0 2892.0 2139.0
72 454.0 194.0 139.0 121.0 6757.0 2134.0 2615.0 2008.0
73 434.0 175.0 137.0 122.0 6607.0 2146.0 2457.0 2004.0
74 372.0 140.0 114.0 118.0 6322.0 2120.0 2237.0 1965.0
75 402.0 152.0 120.0 130.0 6172.0 2068.0 2203.0 1901.0
76 393.0 173.0 125.0 95.0 5767.0 1916.0 1978.0 1873.0
77 317.0 127.0 83.0 107.0 5649.0 1808.0 2062.0 1779.0
78 294.0 124.0 67.0 103.0 5498.0 1778.0 1942.0 1778.0
79 286.0 116.0 71.0 99.0 5327.0 1785.0 2006.0 1536.0
80 285.0 98.0 83.0 104.0 5118.0 1778.0 1911.0 1429.0
81 278.0 76.0 113.0 89.0 5114.0 1791.0 1945.0 1378.0
82 244.0 67.0 94.0 83.0 4999.0 1754.0 1900.0 1345.0
83 244.0 80.0 77.0 87.0 4750.0 1638.0 1737.0 1375.0
84 226.0 90.0 69.0 67.0 4543.0 1565.0 1591.0 1387.0
85 177.0 68.0 59.0 50.0 4521.0 1474.0 1667.0 1380.0
86 169.0 59.0 60.0 50.0 4357.0 1475.0 1608.0 1274.0
87 151.0 69.0 40.0 42.0 4277.0 1454.0 1443.0 1380.0
88 128.0 54.0 41.0 33.0 4374.0 1511.0 1406.0 1457.0
89 108.0 49.0 41.0 18.0 4148.0 1474.0 1305.0 1369.0
90 130.0 50.0 52.0 28.0 4027.0 1436.0 1168.0 1423.0
91 152.0 61.0 44.0 47.0 3964.0 1395.0 1143.0 1426.0
92 159.0 42.0 32.0 85.0 3872.0 1421.0 1048.0 1403.0
93 93.0 28.0 29.0 36.0 3737.0 1512.0 952.0 1273.0
94 51.0 19.0 17.0 15.0 3769.0 1597.0 949.0 1223.0
95 58.0 24.0 14.0 20.0 3756.0 1464.0 1028.0 1264.0
96 56.0 30.0 3.0 23.0 3815.0 1462.0 1084.0 1269.0
97 55.0 23.0 12.0 20.0 3666.0 1412.0 1072.0 1182.0
98 37.0 19.0 4.0 14.0 3620.0 1465.0 1077.0 1078.0
99 52.0 8.0 11.0 33.0 3427.0 1252.0 1098.0 1077.0
100 41.0 17.0 7.0 17.0 3239.0 1291.0 962.0 986.0
101 31.0 13.0 6.0 12.0 3150.0 1316.0 895.0 939.0
102 23.0 11.0 3.0 9.0 3129.0 1247.0 942.0 940.0
103 36.0 15.0 7.0 14.0 3172.0 1165.0 966.0 1041.0
104 34.0 16.0 8.0 10.0 2973.0 1151.0 885.0 937.0
105 24.0 9.0 6.0 9.0 2857.0 1110.0 855.0 892.0
106 24.0 8.0 4.0 12.0 2760.0 1004.0 905.0 851.0
107 15.0 6.0 4.0 5.0 2613.0 1002.0 834.0 777.0
108 24.0 13.0 4.0 7.0 2591.0 929.0 793.0 869.0
109 13.0 8.0 2.0 3.0 2599.0 965.0 872.0 762.0
110 8.0 7.0 0.0 1.0 2627.0 979.0 904.0 744.0
111 8.0 5.0 1.0 2.0 2473.0 911.0 813.0 749.0
112 4.0 3.0 1.0 0.0 2398.0 829.0 814.0 755.0
113 8.0 6.0 0.0 2.0 2365.0 782.0 830.0 753.0
114 3.0 2.0 1.0 0.0 2355.0 759.0 745.0 851.0
115 5.0 3.0 1.0 1.0 2288.0 745.0 717.0 826.0
116 5.0 4.0 1.0 0.0 2086.0 706.0 624.0 756.0
117 1.0 0.0 0.0 1.0 2037.0 711.0 577.0 749.0
118 1.0 1.0 0.0 0.0 2088.0 660.0 626.0 802.0
119 0.0 0.0 0.0 0.0 2074.0 711.0 601.0 762.0
120 1.0 1.0 0.0 0.0 2065.0 644.0 604.0 817.0
121 0.0 0.0 0.0 0.0 2078.0 638.0 605.0 835.0
122 0.0 0.0 0.0 0.0 2013.0 650.0 622.0 741.0
123 0.0 0.0 0.0 0.0 1753.0 526.0 533.0 694.0
124 0.0 0.0 0.0 0.0 1770.0 515.0 582.0 673.0
125 0.0 0.0 0.0 0.0 1799.0 538.0 585.0 676.0
126 0.0 0.0 0.0 0.0 1678.0 502.0 538.0 638.0
127 0.0 0.0 0.0 0.0 1701.0 521.0 582.0 598.0
128 0.0 0.0 0.0 0.0 1688.0 515.0 654.0 519.0
129 0.0 0.0 0.0 0.0 1637.0 507.0 565.0 565.0
130 0.0 0.0 0.0 0.0 1554.0 487.0 557.0 510.0
131 0.0 0.0 0.0 0.0 1504.0 441.0 533.0 530.0
132 0.0 0.0 0.0 0.0 1515.0 450.0 486.0 579.0
133 0.0 0.0 0.0 0.0 1558.0 471.0 517.0 570.0
134 0.0 0.0 0.0 0.0 1680.0 536.0 488.0 656.0
135 0.0 0.0 0.0 0.0 1572.0 521.0 486.0 565.0
136 0.0 0.0 0.0 0.0 1580.0 537.0 459.0 584.0
137 0.0 0.0 0.0 0.0 1530.0 547.0 418.0 565.0
138 0.0 0.0 0.0 0.0 1493.0 561.0 412.0 520.0
139 0.0 0.0 0.0 0.0 1439.0 497.0 410.0 532.0
140 0.0 0.0 0.0 0.0 1420.0 561.0 356.0 503.0
141 0.0 0.0 0.0 0.0 1566.0 642.0 382.0 542.0
142 0.0 0.0 0.0 0.0 1349.0 550.0 368.0 431.0
143 0.0 0.0 0.0 0.0 1392.0 568.0 450.0 374.0
144 0.0 0.0 0.0 0.0 1418.0 506.0 522.0 390.0
145 0.0 0.0 0.0 0.0 1358.0 517.0 417.0 424.0
146 0.0 0.0 0.0 0.0 1254.0 441.0 412.0 401.0
147 1.0 0.0 0.0 1.0 1343.0 420.0 484.0 439.0
148 1.0 0.0 0.0 1.0 1275.0 392.0 511.0 372.0
149 0.0 0.0 0.0 0.0 1134.0 330.0 464.0 340.0
150 0.0 0.0 0.0 0.0 1187.0 363.0 397.0 427.0
151 0.0 0.0 0.0 0.0 1158.0 322.0 407.0 429.0
152 0.0 0.0 0.0 0.0 1150.0 351.0 329.0 470.0
153 0.0 0.0 0.0 0.0 988.0 252.0 338.0 398.0
154 0.0 0.0 0.0 0.0 963.0 278.0 301.0 384.0
155 0.0 0.0 0.0 0.0 898.0 242.0 333.0 323.0
156 0.0 0.0 0.0 0.0 845.0 244.0 302.0 299.0
157 0.0 0.0 0.0 0.0 900.0 281.0 277.0 342.0
158 0.0 0.0 0.0 0.0 951.0 310.0 245.0 396.0
159 0.0 0.0 0.0 0.0 944.0 292.0 231.0 421.0
160 0.0 0.0 0.0 0.0 820.0 229.0 278.0 313.0
161 0.0 0.0 0.0 0.0 772.0 239.0 264.0 269.0
162 0.0 0.0 0.0 0.0 735.0 216.0 250.0 269.0
163 0.0 0.0 0.0 0.0 674.0 225.0 210.0 239.0
164 0.0 0.0 0.0 0.0 674.0 204.0 264.0 206.0
165 0.0 0.0 0.0 0.0 731.0 218.0 268.0 245.0
166 0.0 0.0 0.0 0.0 875.0 380.0 180.0 315.0
167 0.0 0.0 0.0 0.0 785.0 343.0 156.0 286.0
168 0.0 0.0 0.0 0.0 758.0 334.0 135.0 289.0
169 0.0 0.0 0.0 0.0 677.0 281.0 115.0 281.0
170 0.0 0.0 0.0 0.0 647.0 237.0 122.0 288.0
171 0.0 0.0 0.0 0.0 592.0 221.0 91.0 280.0
172 0.0 0.0 0.0 0.0 554.0 158.0 91.0 305.0
173 0.0 0.0 0.0 0.0 561.0 158.0 110.0 293.0
174 0.0 0.0 0.0 0.0 591.0 206.0 91.0 294.0
175 0.0 0.0 0.0 0.0 453.0 157.0 100.0 196.0
176 0.0 0.0 0.0 0.0 410.0 181.0 90.0 139.0
177 0.0 0.0 0.0 0.0 422.0 145.0 126.0 151.0
178 0.0 0.0 0.0 0.0 461.0 173.0 133.0 155.0
179 0.0 0.0 0.0 0.0 458.0 188.0 112.0 158.0
180 0.0 0.0 0.0 0.0 473.0 188.0 119.0 166.0
181 0.0 0.0 0.0 0.0 476.0 205.0 112.0 159.0
182 0.0 0.0 0.0 0.0 478.0 204.0 143.0 131.0
183 0.0 0.0 0.0 0.0 467.0 190.0 133.0 144.0
184 0.0 0.0 0.0 0.0 532.0 215.0 152.0 165.0
185 0.0 0.0 0.0 0.0 476.0 179.0 153.0 144.0
186 0.0 0.0 0.0 0.0 447.0 163.0 107.0 177.0
187 0.0 0.0 0.0 0.0 375.0 148.0 108.0 119.0
188 0.0 0.0 0.0 0.0 391.0 156.0 117.0 118.0
189 0.0 0.0 0.0 0.0 388.0 131.0 116.0 141.0
190 0.0 0.0 0.0 0.0 323.0 74.0 104.0 145.0
191 0.0 0.0 0.0 0.0 281.0 70.0 76.0 135.0
192 0.0 0.0 0.0 0.0 272.0 56.0 85.0 131.0
193 0.0 0.0 0.0 0.0 315.0 67.0 107.0 141.0
194 0.0 0.0 0.0 0.0 312.0 75.0 101.0 136.0
195 0.0 0.0 0.0 0.0 278.0 54.0 99.0 125.0
196 0.0 0.0 0.0 0.0 310.0 78.0 97.0 135.0
197 0.0 0.0 0.0 0.0 300.0 62.0 124.0 114.0
198 0.0 0.0 0.0 0.0 267.0 63.0 101.0 103.0
199 0.0 0.0 0.0 0.0 254.0 74.0 80.0 100.0
200 0.0 0.0 0.0 0.0 236.0 70.0 71.0 95.0
201 0.0 0.0 0.0 0.0 263.0 61.0 101.0 101.0
202 0.0 0.0 0.0 0.0 263.0 70.0 97.0 96.0
203 0.0 0.0 0.0 0.0 227.0 70.0 88.0 69.0
204 0.0 0.0 0.0 0.0 191.0 47.0 87.0 57.0
205 0.0 0.0 0.0 0.0 186.0 49.0 71.0 66.0
206 0.0 0.0 0.0 0.0 165.0 40.0 59.0 66.0
207 0.0 0.0 0.0 0.0 149.0 38.0 54.0 57.0
208 0.0 0.0 0.0 0.0 175.0 43.0 67.0 65.0
209 0.0 0.0 0.0 0.0 161.0 35.0 60.0 66.0
210 0.0 0.0 0.0 0.0 200.0 51.0 66.0 83.0
211 0.0 0.0 0.0 0.0 140.0 36.0 38.0 66.0
212 0.0 0.0 0.0 0.0 153.0 62.0 28.0 63.0
213 0.0 0.0 0.0 0.0 143.0 35.0 41.0 67.0
214 0.0 0.0 0.0 0.0 117.0 31.0 34.0 52.0
215 0.0 0.0 0.0 0.0 109.0 33.0 36.0 40.0
216 0.0 0.0 0.0 0.0 134.0 28.0 47.0 59.0
217 0.0 0.0 0.0 0.0 170.0 30.0 58.0 82.0
218 0.0 0.0 0.0 0.0 232.0 32.0 52.0 148.0
219 0.0 0.0 0.0 0.0 195.0 27.0 29.0 139.0
220 0.0 0.0 0.0 0.0 199.0 25.0 51.0 123.0
221 0.0 0.0 0.0 0.0 155.0 38.0 51.0 66.0
222 0.0 0.0 0.0 0.0 148.0 33.0 53.0 62.0
223 0.0 0.0 0.0 0.0 129.0 40.0 28.0 61.0
224 0.0 0.0 0.0 0.0 145.0 53.0 20.0 72.0
225 0.0 0.0 0.0 0.0 177.0 52.0 37.0 88.0
226 0.0 0.0 0.0 0.0 177.0 60.0 44.0 73.0
227 0.0 0.0 0.0 0.0 162.0 37.0 41.0 84.0
228 0.0 0.0 0.0 0.0 153.0 31.0 44.0 78.0
229 0.0 0.0 0.0 0.0 185.0 31.0 57.0 97.0
230 0.0 0.0 0.0 0.0 166.0 41.0 50.0 75.0
231 0.0 0.0 0.0 0.0 207.0 38.0 41.0 128.0
232 0.0 0.0 0.0 0.0 163.0 35.0 31.0 97.0
233 0.0 0.0 0.0 0.0 150.0 30.0 34.0 86.0
234 0.0 0.0 0.0 0.0 124.0 25.0 27.0 72.0
235 0.0 0.0 0.0 0.0 122.0 17.0 24.0 81.0
236 0.0 0.0 0.0 0.0 137.0 18.0 24.0 95.0
237 0.0 0.0 0.0 0.0 124.0 11.0 18.0 95.0
238 0.0 0.0 0.0 0.0 130.0 10.0 20.0 100.0
239 0.0 0.0 0.0 0.0 124.0 13.0 20.0 91.0
240 0.0 0.0 0.0 0.0 105.0 9.0 19.0 77.0
241 0.0 0.0 0.0 0.0 94.0 5.0 16.0 73.0
242 0.0 0.0 0.0 0.0 112.0 13.0 29.0 70.0
243 0.0 0.0 0.0 0.0 123.0 22.0 28.0 73.0
244 0.0 0.0 0.0 0.0 149.0 15.0 32.0 102.0
245 0.0 0.0 0.0 0.0 135.0 16.0 35.0 84.0
246 0.0 0.0 0.0 0.0 108.0 11.0 27.0 70.0
247 0.0 0.0 0.0 0.0 110.0 23.0 17.0 70.0
248 0.0 0.0 0.0 0.0 94.0 21.0 12.0 61.0
249 0.0 0.0 0.0 0.0 92.0 35.0 5.0 52.0
250 0.0 0.0 0.0 0.0 96.0 28.0 14.0 54.0
251 0.0 0.0 0.0 0.0 70.0 16.0 11.0 43.0
252 0.0 0.0 0.0 0.0 71.0 12.0 9.0 50.0
253 0.0 0.0 0.0 0.0 49.0 5.0 13.0 31.0
254 0.0 0.0 0.0 0.0 52.0 9.0 13.0 30.0
255 0.0 0.0 0.0 0.0 51.0 17.0 9.0 25.0
256 0.0 0.0 0.0 0.0 51.0 10.0 11.0 30.0
257 0.0 0.0 0.0 0.0 53.0 14.0 10.0 29.0
258 0.0 0.0 0.0 0.0 53.0 10.0 6.0 37.0
259 0.0 0.0 0.0 0.0 47.0 7.0 3.0 37.0
260 0.0 0.0 0.0 0.0 52.0 9.0 1.0 42.0
261 0.0 0.0 0.0 0.0 51.0 10.0 2.0 39.0
262 0.0 0.0 0.0 0.0 89.0 10.0 6.0 73.0
263 0.0 0.0 0.0 0.0 63.0 11.0 6.0 46.0
264 0.0 0.0 0.0 0.0 81.0 32.0 3.0 46.0
265 0.0 0.0 0.0 0.0 57.0 17.0 2.0 38.0
266 0.0 0.0 0.0 0.0 63.0 17.0 2.0 44.0
267 0.0 0.0 0.0 0.0 121.0 19.0 2.0 100.0
268 0.0 0.0 0.0 0.0 95.0 21.0 2.0 72.0
269 0.0 0.0 0.0 0.0 103.0 12.0 6.0 85.0
270 0.0 0.0 0.0 0.0 58.0 10.0 9.0 39.0
271 0.0 0.0 0.0 0.0 62.0 8.0 8.0 46.0
272 0.0 0.0 0.0 0.0 52.0 11.0 1.0 40.0
273 0.0 0.0 0.0 0.0 63.0 8.0 4.0 51.0
274 0.0 0.0 0.0 0.0 58.0 2.0 5.0 51.0
275 0.0 0.0 0.0 0.0 51.0 2.0 3.0 46.0
276 0.0 0.0 0.0 0.0 49.0 6.0 3.0 40.0
277 0.0 0.0 0.0 0.0 36.0 6.0 3.0 27.0
278 0.0 0.0 0.0 0.0 41.0 7.0 1.0 33.0
279 0.0 0.0 0.0 0.0 70.0 10.0 5.0 55.0
280 0.0 0.0 0.0 0.0 36.0 1.0 1.0 34.0
281 0.0 0.0 0.0 0.0 29.0 0.0 3.0 26.0
282 0.0 0.0 0.0 0.0 11.0 0.0 1.0 10.0
283 0.0 0.0 0.0 0.0 20.0 0.0 3.0 17.0
284 0.0 0.0 0.0 0.0 46.0 1.0 6.0 39.0
285 0.0 0.0 0.0 0.0 37.0 3.0 2.0 32.0
286 0.0 0.0 0.0 0.0 37.0 3.0 8.0 26.0
287 0.0 0.0 0.0 0.0 47.0 0.0 17.0 30.0
288 0.0 0.0 0.0 0.0 51.0 0.0 12.0 39.0
289 0.0 0.0 0.0 0.0 27.0 0.0 7.0 20.0
290 0.0 0.0 0.0 0.0 27.0 0.0 6.0 21.0
291 0.0 0.0 0.0 0.0 23.0 0.0 3.0 20.0
292 0.0 0.0 0.0 0.0 17.0 0.0 3.0 14.0
293 0.0 0.0 0.0 0.0 16.0 0.0 3.0 13.0
294 0.0 0.0 0.0 0.0 23.0 0.0 14.0 9.0
295 0.0 0.0 0.0 0.0 14.0 0.0 10.0 4.0
296 0.0 0.0 0.0 0.0 8.0 0.0 2.0 6.0
297 0.0 0.0 0.0 0.0 4.0 0.0 1.0 3.0
298 0.0 0.0 0.0 0.0 7.0 0.0 3.0 4.0
299 0.0 0.0 0.0 0.0 16.0 8.0 0.0 8.0
300 0.0 0.0 0.0 0.0 773.0 131.0 223.0 419.0
