#/mnt/nas-sph/120_anisotropy_evolution/598_seg3.aim
#xdim 300
#ydim 300
#zdim 196
#el_size 0.025 mm
#ice_vol_frac 0.310748752834 
#mean_cl_ice 8.69821754716 mean_cl_ice_x 9.40046405463 mean_cl_ice_y 8.64117636859 mean_cl_ice_z 8.14361841998 mean_cl_pore 18.5244013054 mean_cl_pore_x 20.0583550963 mean_cl_pore_y 18.4811136344 mean_cl_pore_z 17.245921637
#mean_cl_squared_ice 113.829228545 mean_cl_squared_ice_x 130.21269342 mean_cl_squared_ice_y 111.510154345 mean_cl_squared_ice_z 101.821781355 	mean_cl_squared_pore 651.03400957 mean_cl_squared_pore_x 755.663595375 mean_cl_squared_pore_y 654.142980048 mean_cl_squared_pore_z 558.173625286
#i l_ice l_ice_x l_ice_y l_ice_z l_pore l_pore_x l_pore_y l_pore_z
0 0.0 0.0 0.0 0.0 0.0 0.0 0.0 0.0
1 89398.0 22170.0 30364.0 36864.0 59375.0 15046.0 19833.0 24496.0
2 133366.0 33875.0 45719.0 53772.0 90096.0 23319.0 30953.0 35824.0
3 149425.0 39699.0 50973.0 58753.0 102591.0 27783.0 35528.0 39280.0
4 154516.0 42532.0 52025.0 59959.0 101895.0 28777.0 35006.0 38112.0
5 152357.0 43524.0 50821.0 58012.0 94072.0 27197.0 32031.0 34844.0
6 146015.0 42841.0 48151.0 55023.0 86186.0 25624.0 29354.0 31208.0
7 137467.0 42083.0 45042.0 50342.0 80630.0 23793.0 27195.0 29642.0
8 127351.0 39796.0 42076.0 45479.0 76438.0 22585.0 25807.0 28046.0
9 117086.0 37081.0 39300.0 40705.0 72068.0 21387.0 23893.0 26788.0
10 105018.0 34774.0 35199.0 35045.0 67662.0 20597.0 22154.0 24911.0
11 91159.0 31073.0 30516.0 29570.0 63808.0 19528.0 20805.0 23475.0
12 78407.0 26955.0 26644.0 24808.0 60821.0 18488.0 19851.0 22482.0
13 67610.0 23840.0 23024.0 20746.0 56519.0 16979.0 18456.0 21084.0
14 57277.0 20572.0 19300.0 17405.0 52911.0 16219.0 17192.0 19500.0
15 47402.0 16919.0 16195.0 14288.0 49614.0 14922.0 16288.0 18404.0
16 39627.0 14118.0 13815.0 11694.0 46843.0 14298.0 15376.0 17169.0
17 33014.0 11383.0 11586.0 10045.0 44144.0 13807.0 14719.0 15618.0
18 27573.0 9412.0 9591.0 8570.0 41141.0 12691.0 13704.0 14746.0
19 22893.0 8045.0 7894.0 6954.0 39118.0 12228.0 12911.0 13979.0
20 19222.0 6854.0 6604.0 5764.0 36705.0 11664.0 12280.0 12761.0
21 16159.0 5801.0 5503.0 4855.0 35407.0 11337.0 11876.0 12194.0
22 13416.0 4825.0 4337.0 4254.0 33592.0 10794.0 11016.0 11782.0
23 10999.0 4034.0 3522.0 3443.0 31700.0 10403.0 10422.0 10875.0
24 8936.0 3191.0 2827.0 2918.0 30234.0 9936.0 9675.0 10623.0
25 7469.0 2622.0 2384.0 2463.0 28548.0 9367.0 9136.0 10045.0
26 6142.0 2213.0 1960.0 1969.0 26713.0 8766.0 8784.0 9163.0
27 5229.0 1896.0 1642.0 1691.0 25410.0 8235.0 8477.0 8698.0
28 4224.0 1656.0 1276.0 1292.0 23709.0 7962.0 7822.0 7925.0
29 3495.0 1394.0 1029.0 1072.0 22019.0 7352.0 7282.0 7385.0
30 3041.0 1271.0 866.0 904.0 20981.0 6987.0 7085.0 6909.0
31 2571.0 1040.0 731.0 800.0 19703.0 6448.0 6741.0 6514.0
32 2114.0 890.0 567.0 657.0 18627.0 6133.0 6304.0 6190.0
33 1750.0 789.0 466.0 495.0 17702.0 5859.0 5750.0 6093.0
34 1415.0 629.0 376.0 410.0 17078.0 5484.0 5607.0 5987.0
35 1137.0 508.0 302.0 327.0 16398.0 5267.0 5379.0 5752.0
36 990.0 455.0 246.0 289.0 15414.0 5117.0 4972.0 5325.0
37 834.0 392.0 190.0 252.0 14437.0 4906.0 4672.0 4859.0
38 743.0 325.0 174.0 244.0 13460.0 4553.0 4498.0 4409.0
39 614.0 283.0 189.0 142.0 12803.0 4398.0 4191.0 4214.0
40 486.0 241.0 126.0 119.0 12121.0 4132.0 3945.0 4044.0
41 408.0 196.0 109.0 103.0 11389.0 3839.0 3787.0 3763.0
42 327.0 144.0 90.0 93.0 10765.0 3667.0 3612.0 3486.0
43 321.0 137.0 104.0 80.0 10349.0 3575.0 3407.0 3367.0
44 263.0 94.0 95.0 74.0 10079.0 3474.0 3371.0 3234.0
45 268.0 109.0 100.0 59.0 9448.0 3266.0 3084.0 3098.0
46 203.0 86.0 67.0 50.0 9138.0 3090.0 3164.0 2884.0
47 168.0 70.0 52.0 46.0 8474.0 2870.0 2853.0 2751.0
48 120.0 41.0 41.0 38.0 8019.0 2771.0 2711.0 2537.0
49 120.0 54.0 30.0 36.0 7553.0 2613.0 2474.0 2466.0
50 69.0 26.0 14.0 29.0 7205.0 2517.0 2374.0 2314.0
51 58.0 24.0 14.0 20.0 6451.0 2352.0 2087.0 2012.0
52 71.0 29.0 10.0 32.0 6266.0 2251.0 2021.0 1994.0
53 40.0 16.0 8.0 16.0 5812.0 2091.0 1926.0 1795.0
54 35.0 14.0 13.0 8.0 5335.0 1968.0 1760.0 1607.0
55 22.0 10.0 10.0 2.0 5195.0 1855.0 1730.0 1610.0
56 20.0 10.0 4.0 6.0 4914.0 1743.0 1716.0 1455.0
57 24.0 10.0 12.0 2.0 4553.0 1686.0 1528.0 1339.0
58 27.0 12.0 12.0 3.0 4371.0 1668.0 1467.0 1236.0
59 19.0 5.0 9.0 5.0 4151.0 1492.0 1461.0 1198.0
60 15.0 6.0 2.0 7.0 4036.0 1516.0 1327.0 1193.0
61 18.0 11.0 4.0 3.0 3973.0 1467.0 1310.0 1196.0
62 10.0 5.0 0.0 5.0 3749.0 1422.0 1219.0 1108.0
63 9.0 2.0 5.0 2.0 3424.0 1270.0 1103.0 1051.0
64 4.0 1.0 2.0 1.0 3105.0 1183.0 956.0 966.0
65 1.0 0.0 0.0 1.0 2764.0 979.0 945.0 840.0
66 1.0 1.0 0.0 0.0 2706.0 929.0 945.0 832.0
67 2.0 2.0 0.0 0.0 2422.0 811.0 842.0 769.0
68 0.0 0.0 0.0 0.0 2369.0 837.0 847.0 685.0
69 1.0 0.0 0.0 1.0 2280.0 785.0 838.0 657.0
70 2.0 2.0 0.0 0.0 2240.0 747.0 825.0 668.0
71 1.0 0.0 0.0 1.0 2200.0 746.0 781.0 673.0
72 0.0 0.0 0.0 0.0 1941.0 674.0 717.0 550.0
73 1.0 1.0 0.0 0.0 1778.0 626.0 624.0 528.0
74 0.0 0.0 0.0 0.0 1741.0 614.0 624.0 503.0
75 1.0 1.0 0.0 0.0 1575.0 587.0 569.0 419.0
76 1.0 1.0 0.0 0.0 1656.0 589.0 604.0 463.0
77 0.0 0.0 0.0 0.0 1562.0 565.0 566.0 431.0
78 0.0 0.0 0.0 0.0 1287.0 463.0 480.0 344.0
79 0.0 0.0 0.0 0.0 1341.0 518.0 463.0 360.0
80 0.0 0.0 0.0 0.0 1327.0 497.0 448.0 382.0
81 0.0 0.0 0.0 0.0 1314.0 494.0 474.0 346.0
82 0.0 0.0 0.0 0.0 1228.0 510.0 395.0 323.0
83 0.0 0.0 0.0 0.0 1172.0 454.0 417.0 301.0
84 0.0 0.0 0.0 0.0 1040.0 438.0 344.0 258.0
85 0.0 0.0 0.0 0.0 1048.0 420.0 331.0 297.0
86 0.0 0.0 0.0 0.0 939.0 366.0 349.0 224.0
87 0.0 0.0 0.0 0.0 857.0 350.0 312.0 195.0
88 0.0 0.0 0.0 0.0 798.0 306.0 297.0 195.0
89 0.0 0.0 0.0 0.0 757.0 285.0 264.0 208.0
90 0.0 0.0 0.0 0.0 731.0 320.0 233.0 178.0
91 0.0 0.0 0.0 0.0 672.0 294.0 188.0 190.0
92 0.0 0.0 0.0 0.0 675.0 278.0 207.0 190.0
93 0.0 0.0 0.0 0.0 597.0 268.0 195.0 134.0
94 0.0 0.0 0.0 0.0 601.0 299.0 199.0 103.0
95 0.0 0.0 0.0 0.0 549.0 249.0 194.0 106.0
96 0.0 0.0 0.0 0.0 496.0 204.0 184.0 108.0
97 0.0 0.0 0.0 0.0 435.0 176.0 173.0 86.0
98 0.0 0.0 0.0 0.0 456.0 192.0 169.0 95.0
99 0.0 0.0 0.0 0.0 405.0 139.0 151.0 115.0
100 0.0 0.0 0.0 0.0 412.0 151.0 147.0 114.0
101 0.0 0.0 0.0 0.0 414.0 154.0 159.0 101.0
102 0.0 0.0 0.0 0.0 396.0 177.0 121.0 98.0
103 0.0 0.0 0.0 0.0 348.0 158.0 123.0 67.0
104 0.0 0.0 0.0 0.0 274.0 128.0 92.0 54.0
105 0.0 0.0 0.0 0.0 259.0 120.0 84.0 55.0
106 0.0 0.0 0.0 0.0 267.0 117.0 87.0 63.0
107 0.0 0.0 0.0 0.0 263.0 115.0 91.0 57.0
108 0.0 0.0 0.0 0.0 200.0 90.0 67.0 43.0
109 0.0 0.0 0.0 0.0 167.0 77.0 64.0 26.0
110 0.0 0.0 0.0 0.0 219.0 79.0 79.0 61.0
111 0.0 0.0 0.0 0.0 211.0 85.0 84.0 42.0
112 0.0 0.0 0.0 0.0 161.0 59.0 69.0 33.0
113 0.0 0.0 0.0 0.0 154.0 70.0 46.0 38.0
114 0.0 0.0 0.0 0.0 145.0 71.0 40.0 34.0
115 0.0 0.0 0.0 0.0 127.0 56.0 38.0 33.0
116 0.0 0.0 0.0 0.0 154.0 68.0 66.0 20.0
117 0.0 0.0 0.0 0.0 125.0 65.0 41.0 19.0
118 0.0 0.0 0.0 0.0 108.0 57.0 36.0 15.0
119 0.0 0.0 0.0 0.0 131.0 81.0 31.0 19.0
120 0.0 0.0 0.0 0.0 127.0 64.0 38.0 25.0
121 0.0 0.0 0.0 0.0 103.0 51.0 40.0 12.0
122 0.0 0.0 0.0 0.0 110.0 59.0 38.0 13.0
123 0.0 0.0 0.0 0.0 111.0 52.0 44.0 15.0
124 0.0 0.0 0.0 0.0 84.0 42.0 25.0 17.0
125 0.0 0.0 0.0 0.0 71.0 29.0 30.0 12.0
126 0.0 0.0 0.0 0.0 72.0 36.0 25.0 11.0
127 0.0 0.0 0.0 0.0 75.0 39.0 22.0 14.0
128 0.0 0.0 0.0 0.0 62.0 31.0 21.0 10.0
129 0.0 0.0 0.0 0.0 67.0 40.0 19.0 8.0
130 0.0 0.0 0.0 0.0 58.0 25.0 25.0 8.0
131 0.0 0.0 0.0 0.0 47.0 18.0 16.0 13.0
132 0.0 0.0 0.0 0.0 71.0 47.0 19.0 5.0
133 0.0 0.0 0.0 0.0 66.0 35.0 24.0 7.0
134 0.0 0.0 0.0 0.0 60.0 36.0 17.0 7.0
135 0.0 0.0 0.0 0.0 36.0 28.0 6.0 2.0
136 0.0 0.0 0.0 0.0 32.0 18.0 9.0 5.0
137 0.0 0.0 0.0 0.0 32.0 17.0 8.0 7.0
138 0.0 0.0 0.0 0.0 63.0 42.0 14.0 7.0
139 0.0 0.0 0.0 0.0 58.0 30.0 18.0 10.0
140 0.0 0.0 0.0 0.0 44.0 21.0 22.0 1.0
141 0.0 0.0 0.0 0.0 46.0 21.0 25.0 0.0
142 0.0 0.0 0.0 0.0 28.0 16.0 10.0 2.0
143 0.0 0.0 0.0 0.0 21.0 14.0 5.0 2.0
144 0.0 0.0 0.0 0.0 24.0 13.0 8.0 3.0
145 0.0 0.0 0.0 0.0 27.0 13.0 12.0 2.0
146 0.0 0.0 0.0 0.0 33.0 13.0 19.0 1.0
147 0.0 0.0 0.0 0.0 35.0 11.0 23.0 1.0
148 0.0 0.0 0.0 0.0 29.0 12.0 16.0 1.0
149 0.0 0.0 0.0 0.0 18.0 7.0 10.0 1.0
150 0.0 0.0 0.0 0.0 7.0 5.0 2.0 0.0
151 0.0 0.0 0.0 0.0 13.0 6.0 7.0 0.0
152 0.0 0.0 0.0 0.0 27.0 19.0 8.0 0.0
153 0.0 0.0 0.0 0.0 37.0 29.0 7.0 1.0
154 0.0 0.0 0.0 0.0 16.0 10.0 6.0 0.0
155 0.0 0.0 0.0 0.0 21.0 16.0 5.0 0.0
156 0.0 0.0 0.0 0.0 14.0 6.0 8.0 0.0
157 0.0 0.0 0.0 0.0 22.0 6.0 16.0 0.0
158 0.0 0.0 0.0 0.0 16.0 15.0 1.0 0.0
159 0.0 0.0 0.0 0.0 18.0 12.0 4.0 2.0
160 0.0 0.0 0.0 0.0 21.0 19.0 2.0 0.0
161 0.0 0.0 0.0 0.0 14.0 8.0 5.0 1.0
162 0.0 0.0 0.0 0.0 14.0 9.0 5.0 0.0
163 0.0 0.0 0.0 0.0 7.0 7.0 0.0 0.0
164 0.0 0.0 0.0 0.0 8.0 6.0 1.0 1.0
165 0.0 0.0 0.0 0.0 6.0 3.0 0.0 3.0
166 0.0 0.0 0.0 0.0 2.0 1.0 0.0 1.0
167 0.0 0.0 0.0 0.0 10.0 10.0 0.0 0.0
168 0.0 0.0 0.0 0.0 4.0 4.0 0.0 0.0
169 0.0 0.0 0.0 0.0 5.0 2.0 3.0 0.0
170 0.0 0.0 0.0 0.0 6.0 4.0 2.0 0.0
171 0.0 0.0 0.0 0.0 12.0 4.0 6.0 2.0
172 0.0 0.0 0.0 0.0 3.0 2.0 1.0 0.0
173 0.0 0.0 0.0 0.0 8.0 7.0 0.0 1.0
174 0.0 0.0 0.0 0.0 10.0 6.0 3.0 1.0
175 0.0 0.0 0.0 0.0 7.0 4.0 0.0 3.0
176 0.0 0.0 0.0 0.0 2.0 2.0 0.0 0.0
177 0.0 0.0 0.0 0.0 4.0 3.0 1.0 0.0
178 0.0 0.0 0.0 0.0 8.0 7.0 1.0 0.0
179 0.0 0.0 0.0 0.0 2.0 2.0 0.0 0.0
180 0.0 0.0 0.0 0.0 2.0 2.0 0.0 0.0
181 0.0 0.0 0.0 0.0 2.0 2.0 0.0 0.0
182 0.0 0.0 0.0 0.0 6.0 6.0 0.0 0.0
183 0.0 0.0 0.0 0.0 5.0 5.0 0.0 0.0
184 0.0 0.0 0.0 0.0 3.0 3.0 0.0 0.0
185 0.0 0.0 0.0 0.0 1.0 1.0 0.0 0.0
186 0.0 0.0 0.0 0.0 2.0 2.0 0.0 0.0
187 0.0 0.0 0.0 0.0 0.0 0.0 0.0 0.0
188 0.0 0.0 0.0 0.0 0.0 0.0 0.0 0.0
189 0.0 0.0 0.0 0.0 1.0 0.0 1.0 0.0
190 0.0 0.0 0.0 0.0 0.0 0.0 0.0 0.0
191 0.0 0.0 0.0 0.0 0.0 0.0 0.0 0.0
192 0.0 0.0 0.0 0.0 1.0 1.0 0.0 0.0
193 0.0 0.0 0.0 0.0 1.0 1.0 0.0 0.0
194 0.0 0.0 0.0 0.0 1.0 1.0 0.0 0.0
195 0.0 0.0 0.0 0.0 1.0 1.0 0.0 0.0
196 0.0 0.0 0.0 0.0 1.0 1.0 0.0 0.0
197 0.0 0.0 0.0 0.0 0.0 0.0 0.0 0.0
198 0.0 0.0 0.0 0.0 1.0 1.0 0.0 0.0
199 0.0 0.0 0.0 0.0 1.0 1.0 0.0 0.0
200 0.0 0.0 0.0 0.0 1.0 1.0 0.0 0.0
201 0.0 0.0 0.0 0.0 2.0 2.0 0.0 0.0
202 0.0 0.0 0.0 0.0 1.0 1.0 0.0 0.0
203 0.0 0.0 0.0 0.0 0.0 0.0 0.0 0.0
204 0.0 0.0 0.0 0.0 1.0 0.0 1.0 0.0
205 0.0 0.0 0.0 0.0 0.0 0.0 0.0 0.0
206 0.0 0.0 0.0 0.0 1.0 0.0 1.0 0.0
207 0.0 0.0 0.0 0.0 0.0 0.0 0.0 0.0
208 0.0 0.0 0.0 0.0 0.0 0.0 0.0 0.0
209 0.0 0.0 0.0 0.0 0.0 0.0 0.0 0.0
210 0.0 0.0 0.0 0.0 0.0 0.0 0.0 0.0
211 0.0 0.0 0.0 0.0 0.0 0.0 0.0 0.0
212 0.0 0.0 0.0 0.0 0.0 0.0 0.0 0.0
213 0.0 0.0 0.0 0.0 0.0 0.0 0.0 0.0
214 0.0 0.0 0.0 0.0 0.0 0.0 0.0 0.0
215 0.0 0.0 0.0 0.0 0.0 0.0 0.0 0.0
216 0.0 0.0 0.0 0.0 0.0 0.0 0.0 0.0
217 0.0 0.0 0.0 0.0 0.0 0.0 0.0 0.0
218 0.0 0.0 0.0 0.0 1.0 1.0 0.0 0.0
219 0.0 0.0 0.0 0.0 2.0 2.0 0.0 0.0
220 0.0 0.0 0.0 0.0 0.0 0.0 0.0 0.0
221 0.0 0.0 0.0 0.0 0.0 0.0 0.0 0.0
222 0.0 0.0 0.0 0.0 0.0 0.0 0.0 0.0
223 0.0 0.0 0.0 0.0 0.0 0.0 0.0 0.0
224 0.0 0.0 0.0 0.0 0.0 0.0 0.0 0.0
225 0.0 0.0 0.0 0.0 0.0 0.0 0.0 0.0
226 0.0 0.0 0.0 0.0 0.0 0.0 0.0 0.0
227 0.0 0.0 0.0 0.0 0.0 0.0 0.0 0.0
228 0.0 0.0 0.0 0.0 0.0 0.0 0.0 0.0
229 0.0 0.0 0.0 0.0 0.0 0.0 0.0 0.0
230 0.0 0.0 0.0 0.0 0.0 0.0 0.0 0.0
231 0.0 0.0 0.0 0.0 0.0 0.0 0.0 0.0
232 0.0 0.0 0.0 0.0 0.0 0.0 0.0 0.0
233 0.0 0.0 0.0 0.0 0.0 0.0 0.0 0.0
234 0.0 0.0 0.0 0.0 0.0 0.0 0.0 0.0
235 0.0 0.0 0.0 0.0 0.0 0.0 0.0 0.0
236 0.0 0.0 0.0 0.0 0.0 0.0 0.0 0.0
237 0.0 0.0 0.0 0.0 0.0 0.0 0.0 0.0
238 0.0 0.0 0.0 0.0 0.0 0.0 0.0 0.0
239 0.0 0.0 0.0 0.0 0.0 0.0 0.0 0.0
240 0.0 0.0 0.0 0.0 0.0 0.0 0.0 0.0
241 0.0 0.0 0.0 0.0 0.0 0.0 0.0 0.0
242 0.0 0.0 0.0 0.0 0.0 0.0 0.0 0.0
243 0.0 0.0 0.0 0.0 0.0 0.0 0.0 0.0
244 0.0 0.0 0.0 0.0 0.0 0.0 0.0 0.0
245 0.0 0.0 0.0 0.0 0.0 0.0 0.0 0.0
246 0.0 0.0 0.0 0.0 0.0 0.0 0.0 0.0
247 0.0 0.0 0.0 0.0 0.0 0.0 0.0 0.0
248 0.0 0.0 0.0 0.0 0.0 0.0 0.0 0.0
249 0.0 0.0 0.0 0.0 0.0 0.0 0.0 0.0
250 0.0 0.0 0.0 0.0 0.0 0.0 0.0 0.0
251 0.0 0.0 0.0 0.0 0.0 0.0 0.0 0.0
252 0.0 0.0 0.0 0.0 0.0 0.0 0.0 0.0
253 0.0 0.0 0.0 0.0 0.0 0.0 0.0 0.0
254 0.0 0.0 0.0 0.0 0.0 0.0 0.0 0.0
255 0.0 0.0 0.0 0.0 0.0 0.0 0.0 0.0
256 0.0 0.0 0.0 0.0 0.0 0.0 0.0 0.0
257 0.0 0.0 0.0 0.0 0.0 0.0 0.0 0.0
258 0.0 0.0 0.0 0.0 0.0 0.0 0.0 0.0
259 0.0 0.0 0.0 0.0 0.0 0.0 0.0 0.0
260 0.0 0.0 0.0 0.0 0.0 0.0 0.0 0.0
261 0.0 0.0 0.0 0.0 0.0 0.0 0.0 0.0
262 0.0 0.0 0.0 0.0 0.0 0.0 0.0 0.0
263 0.0 0.0 0.0 0.0 0.0 0.0 0.0 0.0
264 0.0 0.0 0.0 0.0 0.0 0.0 0.0 0.0
265 0.0 0.0 0.0 0.0 0.0 0.0 0.0 0.0
266 0.0 0.0 0.0 0.0 0.0 0.0 0.0 0.0
267 0.0 0.0 0.0 0.0 0.0 0.0 0.0 0.0
268 0.0 0.0 0.0 0.0 0.0 0.0 0.0 0.0
269 0.0 0.0 0.0 0.0 0.0 0.0 0.0 0.0
270 0.0 0.0 0.0 0.0 0.0 0.0 0.0 0.0
271 0.0 0.0 0.0 0.0 0.0 0.0 0.0 0.0
272 0.0 0.0 0.0 0.0 0.0 0.0 0.0 0.0
273 0.0 0.0 0.0 0.0 0.0 0.0 0.0 0.0
274 0.0 0.0 0.0 0.0 0.0 0.0 0.0 0.0
275 0.0 0.0 0.0 0.0 0.0 0.0 0.0 0.0
276 0.0 0.0 0.0 0.0 0.0 0.0 0.0 0.0
277 0.0 0.0 0.0 0.0 0.0 0.0 0.0 0.0
278 0.0 0.0 0.0 0.0 1.0 1.0 0.0 0.0
279 0.0 0.0 0.0 0.0 0.0 0.0 0.0 0.0
280 0.0 0.0 0.0 0.0 0.0 0.0 0.0 0.0
281 0.0 0.0 0.0 0.0 0.0 0.0 0.0 0.0
282 0.0 0.0 0.0 0.0 0.0 0.0 0.0 0.0
283 0.0 0.0 0.0 0.0 0.0 0.0 0.0 0.0
284 0.0 0.0 0.0 0.0 0.0 0.0 0.0 0.0
285 0.0 0.0 0.0 0.0 0.0 0.0 0.0 0.0
286 0.0 0.0 0.0 0.0 0.0 0.0 0.0 0.0
287 0.0 0.0 0.0 0.0 0.0 0.0 0.0 0.0
288 0.0 0.0 0.0 0.0 0.0 0.0 0.0 0.0
289 0.0 0.0 0.0 0.0 0.0 0.0 0.0 0.0
290 0.0 0.0 0.0 0.0 0.0 0.0 0.0 0.0
291 0.0 0.0 0.0 0.0 0.0 0.0 0.0 0.0
292 0.0 0.0 0.0 0.0 0.0 0.0 0.0 0.0
293 0.0 0.0 0.0 0.0 0.0 0.0 0.0 0.0
294 0.0 0.0 0.0 0.0 0.0 0.0 0.0 0.0
295 0.0 0.0 0.0 0.0 0.0 0.0 0.0 0.0
296 0.0 0.0 0.0 0.0 0.0 0.0 0.0 0.0
297 0.0 0.0 0.0 0.0 0.0 0.0 0.0 0.0
298 0.0 0.0 0.0 0.0 0.0 0.0 0.0 0.0
299 0.0 0.0 0.0 0.0 0.0 0.0 0.0 0.0
300 0.0 0.0 0.0 0.0 0.0 0.0 0.0 0.0
