#/mnt/nas-sph/120_anisotropy_evolution/632_seg3.aim
#xdim 300
#ydim 300
#zdim 196
#el_size 0.025 mm
#ice_vol_frac 0.314806292517 
#mean_cl_ice 10.3918436166 mean_cl_ice_x 10.8434979233 mean_cl_ice_y 10.1943208875 mean_cl_ice_z 10.1653959578 mean_cl_pore 21.5598602729 mean_cl_pore_x 22.6588024228 mean_cl_pore_y 21.2953539589 mean_cl_pore_z 20.8090947123
#mean_cl_squared_ice 173.24441704 mean_cl_squared_ice_x 183.355622988 mean_cl_squared_ice_y 166.067858933 mean_cl_squared_ice_z 170.921714569 	mean_cl_squared_pore 911.325272171 mean_cl_squared_pore_x 978.344600105 mean_cl_squared_pore_y 900.415372282 mean_cl_squared_pore_z 860.437720692
#i l_ice l_ice_x l_ice_y l_ice_z l_pore l_pore_x l_pore_y l_pore_z
0 0.0 0.0 0.0 0.0 0.0 0.0 0.0 0.0
1 65040.0 16648.0 22148.0 26244.0 55224.0 13619.0 18652.0 22953.0
2 98307.0 26361.0 34264.0 37682.0 81375.0 20985.0 27940.0 32450.0
3 113611.0 32313.0 39974.0 41324.0 87897.0 23871.0 30245.0 33781.0
4 118953.0 35951.0 41332.0 41670.0 79799.0 23012.0 27118.0 29669.0
5 117303.0 37033.0 40367.0 39903.0 70219.0 21003.0 23639.0 25577.0
6 112112.0 36267.0 38493.0 37352.0 63325.0 19586.0 21466.0 22273.0
7 103235.0 33088.0 35820.0 34327.0 58100.0 18359.0 19465.0 20276.0
8 95140.0 30920.0 32301.0 31919.0 54059.0 17333.0 18701.0 18025.0
9 86010.0 28245.0 29162.0 28603.0 51453.0 16766.0 17741.0 16946.0
10 77285.0 25603.0 26241.0 25441.0 48532.0 15877.0 16697.0 15958.0
11 69435.0 22898.0 23474.0 23063.0 47261.0 15410.0 16519.0 15332.0
12 62523.0 20629.0 21236.0 20658.0 45092.0 14847.0 15718.0 14527.0
13 55953.0 18681.0 18993.0 18279.0 42690.0 13895.0 14800.0 13995.0
14 50147.0 16982.0 16980.0 16185.0 39917.0 12724.0 14018.0 13175.0
15 44916.0 15089.0 15586.0 14241.0 38595.0 12151.0 13317.0 13127.0
16 40099.0 13651.0 13639.0 12809.0 36832.0 11779.0 12559.0 12494.0
17 35503.0 12399.0 11706.0 11398.0 34696.0 11243.0 11919.0 11534.0
18 31258.0 10927.0 10160.0 10171.0 33681.0 11127.0 11551.0 11003.0
19 27679.0 9728.0 8908.0 9043.0 32063.0 10921.0 10746.0 10396.0
20 24346.0 8577.0 7717.0 8052.0 30044.0 10143.0 10093.0 9808.0
21 21718.0 7598.0 7025.0 7095.0 28492.0 9730.0 9660.0 9102.0
22 19345.0 6789.0 6331.0 6225.0 27205.0 9304.0 9079.0 8822.0
23 16865.0 6125.0 5308.0 5432.0 26041.0 8769.0 8845.0 8427.0
24 14759.0 5358.0 4580.0 4821.0 25495.0 8451.0 8492.0 8552.0
25 13115.0 4607.0 4094.0 4414.0 24261.0 8245.0 8010.0 8006.0
26 11278.0 3998.0 3771.0 3509.0 23567.0 7893.0 7611.0 8063.0
27 9832.0 3394.0 3442.0 2996.0 22637.0 7608.0 7322.0 7707.0
28 8554.0 2905.0 2920.0 2729.0 21544.0 7041.0 7074.0 7429.0
29 7413.0 2580.0 2511.0 2322.0 20837.0 6775.0 6753.0 7309.0
30 6349.0 2145.0 2103.0 2101.0 19566.0 6703.0 6386.0 6477.0
31 5756.0 1892.0 1846.0 2018.0 18904.0 6325.0 6187.0 6392.0
32 5065.0 1659.0 1636.0 1770.0 17572.0 5745.0 5826.0 6001.0
33 4586.0 1430.0 1563.0 1593.0 16779.0 5358.0 5480.0 5941.0
34 3927.0 1251.0 1286.0 1390.0 16132.0 5258.0 5230.0 5644.0
35 3343.0 1074.0 1121.0 1148.0 15443.0 5000.0 5151.0 5292.0
36 2848.0 916.0 911.0 1021.0 15023.0 4888.0 4957.0 5178.0
37 2479.0 809.0 774.0 896.0 14634.0 4688.0 4876.0 5070.0
38 2152.0 691.0 722.0 739.0 13956.0 4698.0 4549.0 4709.0
39 1881.0 637.0 571.0 673.0 13692.0 4569.0 4573.0 4550.0
40 1777.0 571.0 537.0 669.0 12680.0 4366.0 4229.0 4085.0
41 1608.0 498.0 533.0 577.0 11681.0 4095.0 3831.0 3755.0
42 1361.0 420.0 442.0 499.0 11367.0 3911.0 3870.0 3586.0
43 1123.0 375.0 372.0 376.0 10682.0 3578.0 3749.0 3355.0
44 932.0 317.0 299.0 316.0 10293.0 3387.0 3433.0 3473.0
45 778.0 243.0 240.0 295.0 10185.0 3365.0 3321.0 3499.0
46 707.0 221.0 187.0 299.0 9598.0 3123.0 3080.0 3395.0
47 565.0 195.0 137.0 233.0 8881.0 2966.0 2743.0 3172.0
48 521.0 177.0 128.0 216.0 8765.0 2932.0 2663.0 3170.0
49 485.0 145.0 134.0 206.0 8374.0 2863.0 2636.0 2875.0
50 414.0 136.0 101.0 177.0 8105.0 2762.0 2581.0 2762.0
51 366.0 132.0 89.0 145.0 7771.0 2651.0 2492.0 2628.0
52 331.0 129.0 60.0 142.0 7403.0 2570.0 2466.0 2367.0
53 232.0 92.0 43.0 97.0 7098.0 2615.0 2299.0 2184.0
54 199.0 61.0 62.0 76.0 6414.0 2319.0 2030.0 2065.0
55 180.0 59.0 53.0 68.0 6024.0 2097.0 1978.0 1949.0
56 166.0 55.0 31.0 80.0 5761.0 1976.0 1837.0 1948.0
57 173.0 56.0 35.0 82.0 5436.0 1918.0 1663.0 1855.0
58 130.0 53.0 30.0 47.0 5064.0 1740.0 1628.0 1696.0
59 108.0 48.0 16.0 44.0 4903.0 1681.0 1635.0 1587.0
60 100.0 42.0 15.0 43.0 4829.0 1635.0 1581.0 1613.0
61 81.0 32.0 9.0 40.0 4673.0 1589.0 1566.0 1518.0
62 80.0 25.0 10.0 45.0 4332.0 1468.0 1438.0 1426.0
63 90.0 23.0 23.0 44.0 4235.0 1396.0 1427.0 1412.0
64 68.0 13.0 10.0 45.0 4032.0 1329.0 1395.0 1308.0
65 56.0 18.0 6.0 32.0 3569.0 1255.0 1226.0 1088.0
66 49.0 24.0 13.0 12.0 3389.0 1215.0 1155.0 1019.0
67 41.0 19.0 11.0 11.0 3437.0 1215.0 1164.0 1058.0
68 37.0 14.0 12.0 11.0 3340.0 1124.0 1096.0 1120.0
69 47.0 20.0 16.0 11.0 3192.0 1051.0 1095.0 1046.0
70 36.0 22.0 9.0 5.0 3037.0 988.0 1085.0 964.0
71 15.0 0.0 6.0 9.0 2975.0 1004.0 1006.0 965.0
72 20.0 3.0 11.0 6.0 2856.0 820.0 1058.0 978.0
73 20.0 6.0 4.0 10.0 2612.0 796.0 939.0 877.0
74 14.0 5.0 4.0 5.0 2587.0 792.0 980.0 815.0
75 9.0 3.0 2.0 4.0 2571.0 759.0 948.0 864.0
76 16.0 5.0 6.0 5.0 2447.0 755.0 910.0 782.0
77 12.0 4.0 3.0 5.0 2508.0 825.0 894.0 789.0
78 10.0 5.0 1.0 4.0 2320.0 728.0 782.0 810.0
79 10.0 5.0 0.0 5.0 2108.0 706.0 676.0 726.0
80 9.0 2.0 0.0 7.0 1916.0 630.0 669.0 617.0
81 3.0 0.0 2.0 1.0 1747.0 628.0 531.0 588.0
82 2.0 0.0 1.0 1.0 1716.0 592.0 528.0 596.0
83 3.0 0.0 0.0 3.0 1453.0 547.0 440.0 466.0
84 17.0 0.0 4.0 13.0 1430.0 541.0 478.0 411.0
85 4.0 0.0 1.0 3.0 1329.0 494.0 441.0 394.0
86 3.0 0.0 2.0 1.0 1142.0 371.0 378.0 393.0
87 2.0 0.0 2.0 0.0 1085.0 344.0 353.0 388.0
88 0.0 0.0 0.0 0.0 1054.0 342.0 315.0 397.0
89 0.0 0.0 0.0 0.0 1123.0 402.0 346.0 375.0
90 0.0 0.0 0.0 0.0 1080.0 357.0 372.0 351.0
91 0.0 0.0 0.0 0.0 1014.0 350.0 323.0 341.0
92 0.0 0.0 0.0 0.0 1034.0 371.0 341.0 322.0
93 0.0 0.0 0.0 0.0 961.0 342.0 299.0 320.0
94 0.0 0.0 0.0 0.0 960.0 315.0 275.0 370.0
95 0.0 0.0 0.0 0.0 905.0 316.0 232.0 357.0
96 0.0 0.0 0.0 0.0 748.0 263.0 162.0 323.0
97 0.0 0.0 0.0 0.0 733.0 281.0 160.0 292.0
98 0.0 0.0 0.0 0.0 676.0 252.0 165.0 259.0
99 0.0 0.0 0.0 0.0 660.0 256.0 181.0 223.0
100 0.0 0.0 0.0 0.0 636.0 249.0 185.0 202.0
101 0.0 0.0 0.0 0.0 586.0 223.0 170.0 193.0
102 0.0 0.0 0.0 0.0 517.0 210.0 165.0 142.0
103 0.0 0.0 0.0 0.0 544.0 206.0 174.0 164.0
104 1.0 0.0 1.0 0.0 498.0 190.0 146.0 162.0
105 1.0 0.0 0.0 1.0 509.0 185.0 165.0 159.0
106 3.0 0.0 3.0 0.0 443.0 169.0 135.0 139.0
107 2.0 0.0 1.0 1.0 480.0 174.0 149.0 157.0
108 0.0 0.0 0.0 0.0 528.0 168.0 164.0 196.0
109 0.0 0.0 0.0 0.0 486.0 172.0 145.0 169.0
110 0.0 0.0 0.0 0.0 459.0 173.0 139.0 147.0
111 0.0 0.0 0.0 0.0 494.0 158.0 127.0 209.0
112 0.0 0.0 0.0 0.0 492.0 135.0 138.0 219.0
113 0.0 0.0 0.0 0.0 408.0 117.0 128.0 163.0
114 0.0 0.0 0.0 0.0 374.0 108.0 115.0 151.0
115 0.0 0.0 0.0 0.0 401.0 88.0 156.0 157.0
116 0.0 0.0 0.0 0.0 286.0 71.0 114.0 101.0
117 0.0 0.0 0.0 0.0 304.0 89.0 122.0 93.0
118 0.0 0.0 0.0 0.0 310.0 86.0 132.0 92.0
119 0.0 0.0 0.0 0.0 289.0 100.0 111.0 78.0
120 0.0 0.0 0.0 0.0 283.0 109.0 91.0 83.0
121 0.0 0.0 0.0 0.0 278.0 110.0 80.0 88.0
122 0.0 0.0 0.0 0.0 267.0 75.0 96.0 96.0
123 0.0 0.0 0.0 0.0 253.0 77.0 107.0 69.0
124 0.0 0.0 0.0 0.0 182.0 59.0 76.0 47.0
125 0.0 0.0 0.0 0.0 210.0 75.0 81.0 54.0
126 0.0 0.0 0.0 0.0 183.0 74.0 61.0 48.0
127 0.0 0.0 0.0 0.0 191.0 81.0 66.0 44.0
128 0.0 0.0 0.0 0.0 179.0 86.0 63.0 30.0
129 0.0 0.0 0.0 0.0 168.0 85.0 51.0 32.0
130 0.0 0.0 0.0 0.0 180.0 87.0 48.0 45.0
131 0.0 0.0 0.0 0.0 176.0 79.0 49.0 48.0
132 0.0 0.0 0.0 0.0 164.0 58.0 58.0 48.0
133 0.0 0.0 0.0 0.0 153.0 73.0 45.0 35.0
134 0.0 0.0 0.0 0.0 140.0 63.0 36.0 41.0
135 0.0 0.0 0.0 0.0 143.0 64.0 23.0 56.0
136 0.0 0.0 0.0 0.0 138.0 61.0 39.0 38.0
137 0.0 0.0 0.0 0.0 112.0 39.0 35.0 38.0
138 0.0 0.0 0.0 0.0 98.0 29.0 42.0 27.0
139 0.0 0.0 0.0 0.0 83.0 31.0 21.0 31.0
140 0.0 0.0 0.0 0.0 96.0 34.0 30.0 32.0
141 0.0 0.0 0.0 0.0 83.0 29.0 31.0 23.0
142 0.0 0.0 0.0 0.0 91.0 39.0 33.0 19.0
143 0.0 0.0 0.0 0.0 83.0 32.0 27.0 24.0
144 0.0 0.0 0.0 0.0 63.0 23.0 17.0 23.0
145 0.0 0.0 0.0 0.0 94.0 31.0 43.0 20.0
146 0.0 0.0 0.0 0.0 58.0 22.0 21.0 15.0
147 0.0 0.0 0.0 0.0 87.0 31.0 44.0 12.0
148 0.0 0.0 0.0 0.0 67.0 22.0 32.0 13.0
149 0.0 0.0 0.0 0.0 46.0 19.0 16.0 11.0
150 0.0 0.0 0.0 0.0 37.0 13.0 20.0 4.0
151 0.0 0.0 0.0 0.0 56.0 28.0 19.0 9.0
152 0.0 0.0 0.0 0.0 54.0 25.0 18.0 11.0
153 0.0 0.0 0.0 0.0 68.0 23.0 19.0 26.0
154 0.0 0.0 0.0 0.0 68.0 30.0 22.0 16.0
155 0.0 0.0 0.0 0.0 57.0 21.0 20.0 16.0
156 0.0 0.0 0.0 0.0 61.0 18.0 25.0 18.0
157 0.0 0.0 0.0 0.0 53.0 20.0 26.0 7.0
158 0.0 0.0 0.0 0.0 36.0 13.0 17.0 6.0
159 0.0 0.0 0.0 0.0 23.0 16.0 6.0 1.0
160 0.0 0.0 0.0 0.0 34.0 15.0 15.0 4.0
161 0.0 0.0 0.0 0.0 35.0 18.0 12.0 5.0
162 0.0 0.0 0.0 0.0 30.0 13.0 15.0 2.0
163 0.0 0.0 0.0 0.0 36.0 13.0 15.0 8.0
164 0.0 0.0 0.0 0.0 34.0 7.0 24.0 3.0
165 0.0 0.0 0.0 0.0 21.0 2.0 17.0 2.0
166 0.0 0.0 0.0 0.0 23.0 4.0 18.0 1.0
167 0.0 0.0 0.0 0.0 35.0 14.0 14.0 7.0
168 0.0 0.0 0.0 0.0 40.0 18.0 16.0 6.0
169 0.0 0.0 0.0 0.0 38.0 7.0 22.0 9.0
170 0.0 0.0 0.0 0.0 56.0 13.0 31.0 12.0
171 0.0 0.0 0.0 0.0 34.0 12.0 18.0 4.0
172 0.0 0.0 0.0 0.0 30.0 9.0 17.0 4.0
173 0.0 0.0 0.0 0.0 33.0 16.0 13.0 4.0
174 0.0 0.0 0.0 0.0 17.0 12.0 5.0 0.0
175 0.0 0.0 0.0 0.0 16.0 9.0 5.0 2.0
176 0.0 0.0 0.0 0.0 17.0 8.0 8.0 1.0
177 0.0 0.0 0.0 0.0 22.0 17.0 5.0 0.0
178 0.0 0.0 0.0 0.0 24.0 19.0 5.0 0.0
179 0.0 0.0 0.0 0.0 15.0 11.0 4.0 0.0
180 0.0 0.0 0.0 0.0 24.0 9.0 14.0 1.0
181 0.0 0.0 0.0 0.0 15.0 2.0 13.0 0.0
182 0.0 0.0 0.0 0.0 21.0 8.0 12.0 1.0
183 0.0 0.0 0.0 0.0 17.0 8.0 9.0 0.0
184 0.0 0.0 0.0 0.0 21.0 9.0 12.0 0.0
185 0.0 0.0 0.0 0.0 25.0 11.0 13.0 1.0
186 0.0 0.0 0.0 0.0 10.0 4.0 6.0 0.0
187 0.0 0.0 0.0 0.0 19.0 5.0 9.0 5.0
188 0.0 0.0 0.0 0.0 9.0 1.0 6.0 2.0
189 0.0 0.0 0.0 0.0 18.0 16.0 2.0 0.0
190 0.0 0.0 0.0 0.0 2.0 1.0 0.0 1.0
191 0.0 0.0 0.0 0.0 6.0 5.0 1.0 0.0
192 0.0 0.0 0.0 0.0 3.0 1.0 2.0 0.0
193 0.0 0.0 0.0 0.0 11.0 0.0 8.0 3.0
194 0.0 0.0 0.0 0.0 14.0 0.0 11.0 3.0
195 0.0 0.0 0.0 0.0 14.0 0.0 14.0 0.0
196 0.0 0.0 0.0 0.0 28.0 0.0 10.0 18.0
197 0.0 0.0 0.0 0.0 9.0 1.0 8.0 0.0
198 0.0 0.0 0.0 0.0 9.0 0.0 9.0 0.0
199 0.0 0.0 0.0 0.0 7.0 0.0 7.0 0.0
200 0.0 0.0 0.0 0.0 9.0 0.0 9.0 0.0
201 0.0 0.0 0.0 0.0 1.0 0.0 1.0 0.0
202 0.0 0.0 0.0 0.0 8.0 8.0 0.0 0.0
203 0.0 0.0 0.0 0.0 14.0 12.0 2.0 0.0
204 0.0 0.0 0.0 0.0 12.0 9.0 3.0 0.0
205 0.0 0.0 0.0 0.0 10.0 7.0 3.0 0.0
206 0.0 0.0 0.0 0.0 11.0 5.0 6.0 0.0
207 0.0 0.0 0.0 0.0 8.0 4.0 4.0 0.0
208 0.0 0.0 0.0 0.0 7.0 6.0 1.0 0.0
209 0.0 0.0 0.0 0.0 5.0 3.0 2.0 0.0
210 0.0 0.0 0.0 0.0 5.0 3.0 2.0 0.0
211 0.0 0.0 0.0 0.0 0.0 0.0 0.0 0.0
212 0.0 0.0 0.0 0.0 0.0 0.0 0.0 0.0
213 0.0 0.0 0.0 0.0 1.0 0.0 1.0 0.0
214 0.0 0.0 0.0 0.0 0.0 0.0 0.0 0.0
215 0.0 0.0 0.0 0.0 1.0 0.0 1.0 0.0
216 0.0 0.0 0.0 0.0 0.0 0.0 0.0 0.0
217 0.0 0.0 0.0 0.0 2.0 0.0 2.0 0.0
218 0.0 0.0 0.0 0.0 2.0 0.0 2.0 0.0
219 0.0 0.0 0.0 0.0 1.0 0.0 1.0 0.0
220 0.0 0.0 0.0 0.0 3.0 1.0 2.0 0.0
221 0.0 0.0 0.0 0.0 4.0 0.0 4.0 0.0
222 0.0 0.0 0.0 0.0 0.0 0.0 0.0 0.0
223 0.0 0.0 0.0 0.0 0.0 0.0 0.0 0.0
224 0.0 0.0 0.0 0.0 2.0 2.0 0.0 0.0
225 0.0 0.0 0.0 0.0 2.0 2.0 0.0 0.0
226 0.0 0.0 0.0 0.0 1.0 1.0 0.0 0.0
227 0.0 0.0 0.0 0.0 0.0 0.0 0.0 0.0
228 0.0 0.0 0.0 0.0 0.0 0.0 0.0 0.0
229 0.0 0.0 0.0 0.0 0.0 0.0 0.0 0.0
230 0.0 0.0 0.0 0.0 0.0 0.0 0.0 0.0
231 0.0 0.0 0.0 0.0 1.0 0.0 1.0 0.0
232 0.0 0.0 0.0 0.0 1.0 0.0 1.0 0.0
233 0.0 0.0 0.0 0.0 1.0 0.0 1.0 0.0
234 0.0 0.0 0.0 0.0 0.0 0.0 0.0 0.0
235 0.0 0.0 0.0 0.0 0.0 0.0 0.0 0.0
236 0.0 0.0 0.0 0.0 1.0 1.0 0.0 0.0
237 0.0 0.0 0.0 0.0 1.0 1.0 0.0 0.0
238 0.0 0.0 0.0 0.0 0.0 0.0 0.0 0.0
239 0.0 0.0 0.0 0.0 0.0 0.0 0.0 0.0
240 0.0 0.0 0.0 0.0 0.0 0.0 0.0 0.0
241 0.0 0.0 0.0 0.0 5.0 5.0 0.0 0.0
242 0.0 0.0 0.0 0.0 2.0 2.0 0.0 0.0
243 0.0 0.0 0.0 0.0 2.0 2.0 0.0 0.0
244 0.0 0.0 0.0 0.0 0.0 0.0 0.0 0.0
245 0.0 0.0 0.0 0.0 0.0 0.0 0.0 0.0
246 0.0 0.0 0.0 0.0 0.0 0.0 0.0 0.0
247 0.0 0.0 0.0 0.0 0.0 0.0 0.0 0.0
248 0.0 0.0 0.0 0.0 0.0 0.0 0.0 0.0
249 0.0 0.0 0.0 0.0 0.0 0.0 0.0 0.0
250 0.0 0.0 0.0 0.0 0.0 0.0 0.0 0.0
251 0.0 0.0 0.0 0.0 0.0 0.0 0.0 0.0
252 0.0 0.0 0.0 0.0 0.0 0.0 0.0 0.0
253 0.0 0.0 0.0 0.0 1.0 0.0 1.0 0.0
254 0.0 0.0 0.0 0.0 1.0 0.0 1.0 0.0
255 0.0 0.0 0.0 0.0 4.0 0.0 4.0 0.0
256 0.0 0.0 0.0 0.0 2.0 0.0 2.0 0.0
257 0.0 0.0 0.0 0.0 0.0 0.0 0.0 0.0
258 0.0 0.0 0.0 0.0 1.0 0.0 1.0 0.0
259 0.0 0.0 0.0 0.0 1.0 0.0 1.0 0.0
260 0.0 0.0 0.0 0.0 1.0 0.0 1.0 0.0
261 0.0 0.0 0.0 0.0 0.0 0.0 0.0 0.0
262 0.0 0.0 0.0 0.0 2.0 2.0 0.0 0.0
263 0.0 0.0 0.0 0.0 0.0 0.0 0.0 0.0
264 0.0 0.0 0.0 0.0 0.0 0.0 0.0 0.0
265 0.0 0.0 0.0 0.0 0.0 0.0 0.0 0.0
266 0.0 0.0 0.0 0.0 0.0 0.0 0.0 0.0
267 0.0 0.0 0.0 0.0 0.0 0.0 0.0 0.0
268 0.0 0.0 0.0 0.0 0.0 0.0 0.0 0.0
269 0.0 0.0 0.0 0.0 0.0 0.0 0.0 0.0
270 0.0 0.0 0.0 0.0 0.0 0.0 0.0 0.0
271 0.0 0.0 0.0 0.0 0.0 0.0 0.0 0.0
272 0.0 0.0 0.0 0.0 0.0 0.0 0.0 0.0
273 0.0 0.0 0.0 0.0 0.0 0.0 0.0 0.0
274 0.0 0.0 0.0 0.0 0.0 0.0 0.0 0.0
275 0.0 0.0 0.0 0.0 0.0 0.0 0.0 0.0
276 0.0 0.0 0.0 0.0 0.0 0.0 0.0 0.0
277 0.0 0.0 0.0 0.0 0.0 0.0 0.0 0.0
278 0.0 0.0 0.0 0.0 0.0 0.0 0.0 0.0
279 0.0 0.0 0.0 0.0 0.0 0.0 0.0 0.0
280 0.0 0.0 0.0 0.0 0.0 0.0 0.0 0.0
281 0.0 0.0 0.0 0.0 0.0 0.0 0.0 0.0
282 0.0 0.0 0.0 0.0 0.0 0.0 0.0 0.0
283 0.0 0.0 0.0 0.0 0.0 0.0 0.0 0.0
284 0.0 0.0 0.0 0.0 0.0 0.0 0.0 0.0
285 0.0 0.0 0.0 0.0 0.0 0.0 0.0 0.0
286 0.0 0.0 0.0 0.0 0.0 0.0 0.0 0.0
287 0.0 0.0 0.0 0.0 0.0 0.0 0.0 0.0
288 0.0 0.0 0.0 0.0 1.0 0.0 1.0 0.0
289 0.0 0.0 0.0 0.0 1.0 0.0 1.0 0.0
290 0.0 0.0 0.0 0.0 0.0 0.0 0.0 0.0
291 0.0 0.0 0.0 0.0 0.0 0.0 0.0 0.0
292 0.0 0.0 0.0 0.0 0.0 0.0 0.0 0.0
293 0.0 0.0 0.0 0.0 0.0 0.0 0.0 0.0
294 0.0 0.0 0.0 0.0 0.0 0.0 0.0 0.0
295 0.0 0.0 0.0 0.0 0.0 0.0 0.0 0.0
296 0.0 0.0 0.0 0.0 0.0 0.0 0.0 0.0
297 0.0 0.0 0.0 0.0 0.0 0.0 0.0 0.0
298 0.0 0.0 0.0 0.0 0.0 0.0 0.0 0.0
299 0.0 0.0 0.0 0.0 0.0 0.0 0.0 0.0
300 0.0 0.0 0.0 0.0 0.0 0.0 0.0 0.0
