#/mnt/nas-sph/120_anisotropy_evolution/648_seg3.aim
#xdim 300
#ydim 300
#zdim 196
#el_size 0.025 mm
#ice_vol_frac 0.314119501134 
#mean_cl_ice 10.5908949875 mean_cl_ice_x 11.1284749698 mean_cl_ice_y 10.3419810969 mean_cl_ice_z 10.3402634579 mean_cl_pore 22.0045528589 mean_cl_pore_x 23.322388192 mean_cl_pore_y 21.5636102452 mean_cl_pore_z 21.2387534384
#mean_cl_squared_ice 182.591672268 mean_cl_squared_ice_x 194.549202881 mean_cl_squared_ice_y 171.522247771 mean_cl_squared_ice_z 182.54865985 	mean_cl_squared_pore 953.339594171 mean_cl_squared_pore_x 1042.81689153 mean_cl_squared_pore_y 907.996339209 mean_cl_squared_pore_z 916.516403558
#i l_ice l_ice_x l_ice_y l_ice_z l_pore l_pore_x l_pore_y l_pore_z
0 0.0 0.0 0.0 0.0 0.0 0.0 0.0 0.0
1 63966.0 16471.0 21034.0 26461.0 54596.0 13614.0 18002.0 22980.0
2 95659.0 25478.0 32638.0 37543.0 80596.0 20330.0 27419.0 32847.0
3 110060.0 30437.0 38613.0 41010.0 86586.0 22768.0 29471.0 34347.0
4 114497.0 33005.0 40337.0 41155.0 79303.0 22369.0 26977.0 29957.0
5 111960.0 33761.0 39198.0 39001.0 69598.0 20911.0 23339.0 25348.0
6 106179.0 33220.0 36908.0 36051.0 61706.0 18763.0 20741.0 22202.0
7 100366.0 32581.0 34515.0 33270.0 56665.0 17311.0 19204.0 20150.0
8 93264.0 30398.0 32249.0 30617.0 52146.0 16391.0 17947.0 17808.0
9 84944.0 27493.0 29486.0 27965.0 49556.0 15697.0 17284.0 16575.0
10 76654.0 24875.0 26596.0 25183.0 46141.0 14801.0 16027.0 15313.0
11 68522.0 22545.0 24045.0 21932.0 43961.0 14302.0 15509.0 14150.0
12 61591.0 20322.0 21356.0 19913.0 42363.0 13905.0 15046.0 13412.0
13 54976.0 18465.0 19199.0 17312.0 40384.0 12992.0 14513.0 12879.0
14 49266.0 16758.0 17035.0 15473.0 38286.0 12270.0 13865.0 12151.0
15 43472.0 14989.0 14859.0 13624.0 36732.0 11704.0 13272.0 11756.0
16 38724.0 13367.0 13236.0 12121.0 34815.0 11196.0 12498.0 11121.0
17 34344.0 12226.0 11474.0 10644.0 33365.0 10921.0 11524.0 10920.0
18 29993.0 11060.0 9724.0 9209.0 31175.0 10341.0 10568.0 10266.0
19 26777.0 9566.0 8720.0 8491.0 30042.0 9997.0 10019.0 10026.0
20 23874.0 8756.0 7521.0 7597.0 29016.0 9688.0 9613.0 9715.0
21 21187.0 7650.0 6823.0 6714.0 28282.0 9426.0 9614.0 9242.0
22 18871.0 6870.0 5946.0 6055.0 27228.0 9108.0 9253.0 8867.0
23 16653.0 5875.0 5244.0 5534.0 26378.0 8735.0 9215.0 8428.0
24 14740.0 5320.0 4610.0 4810.0 25321.0 8366.0 8863.0 8092.0
25 13078.0 4566.0 4109.0 4403.0 23893.0 8070.0 8295.0 7528.0
26 11637.0 4000.0 3734.0 3903.0 22762.0 7655.0 7876.0 7231.0
27 10249.0 3523.0 3325.0 3401.0 22225.0 7354.0 7703.0 7168.0
28 8871.0 3146.0 2844.0 2881.0 21396.0 6946.0 7447.0 7003.0
29 7689.0 2605.0 2460.0 2624.0 20176.0 6444.0 7022.0 6710.0
30 6663.0 2207.0 2219.0 2237.0 19135.0 6174.0 6557.0 6404.0
31 5931.0 1928.0 2061.0 1942.0 18070.0 5914.0 6149.0 6007.0
32 5346.0 1751.0 1853.0 1742.0 17595.0 5926.0 5967.0 5702.0
33 4729.0 1614.0 1590.0 1525.0 16585.0 5456.0 5694.0 5435.0
34 4133.0 1372.0 1348.0 1413.0 15895.0 5360.0 5367.0 5168.0
35 3630.0 1191.0 1127.0 1312.0 15140.0 5119.0 5142.0 4879.0
36 3238.0 998.0 1009.0 1231.0 14570.0 4849.0 5050.0 4671.0
37 3055.0 917.0 983.0 1155.0 13801.0 4637.0 4689.0 4475.0
38 2608.0 793.0 841.0 974.0 13711.0 4509.0 4744.0 4458.0
39 2275.0 703.0 677.0 895.0 13054.0 4195.0 4380.0 4479.0
40 1938.0 595.0 588.0 755.0 12396.0 4091.0 4126.0 4179.0
41 1696.0 503.0 531.0 662.0 11829.0 4137.0 3983.0 3709.0
42 1455.0 453.0 431.0 571.0 11363.0 3970.0 3882.0 3511.0
43 1282.0 399.0 387.0 496.0 10694.0 3708.0 3447.0 3539.0
44 1131.0 356.0 324.0 451.0 10505.0 3588.0 3349.0 3568.0
45 953.0 315.0 260.0 378.0 10121.0 3315.0 3169.0 3637.0
46 854.0 307.0 221.0 326.0 9567.0 3065.0 3053.0 3449.0
47 806.0 275.0 207.0 324.0 9370.0 2991.0 3032.0 3347.0
48 675.0 218.0 167.0 290.0 9012.0 2771.0 2911.0 3330.0
49 654.0 221.0 169.0 264.0 8231.0 2610.0 2644.0 2977.0
50 577.0 217.0 159.0 201.0 8008.0 2473.0 2563.0 2972.0
51 517.0 173.0 155.0 189.0 7639.0 2511.0 2380.0 2748.0
52 385.0 125.0 106.0 154.0 7027.0 2294.0 2222.0 2511.0
53 355.0 116.0 70.0 169.0 6830.0 2326.0 2122.0 2382.0
54 294.0 105.0 68.0 121.0 6220.0 2114.0 1981.0 2125.0
55 286.0 85.0 64.0 137.0 5851.0 2045.0 1769.0 2037.0
56 249.0 72.0 41.0 136.0 5760.0 1949.0 1776.0 2035.0
57 159.0 48.0 32.0 79.0 5473.0 1968.0 1680.0 1825.0
58 154.0 42.0 35.0 77.0 5390.0 1820.0 1749.0 1821.0
59 154.0 58.0 21.0 75.0 5414.0 1961.0 1719.0 1734.0
60 149.0 50.0 26.0 73.0 5180.0 1780.0 1616.0 1784.0
61 158.0 45.0 38.0 75.0 4896.0 1643.0 1594.0 1659.0
62 109.0 36.0 18.0 55.0 4563.0 1625.0 1508.0 1430.0
63 93.0 24.0 12.0 57.0 4466.0 1584.0 1491.0 1391.0
64 106.0 40.0 13.0 53.0 4316.0 1550.0 1346.0 1420.0
65 88.0 23.0 16.0 49.0 4246.0 1521.0 1407.0 1318.0
66 67.0 32.0 5.0 30.0 3841.0 1386.0 1239.0 1216.0
67 67.0 18.0 10.0 39.0 3666.0 1268.0 1292.0 1106.0
68 56.0 9.0 9.0 38.0 3512.0 1198.0 1098.0 1216.0
69 39.0 6.0 9.0 24.0 3270.0 1059.0 1034.0 1177.0
70 42.0 9.0 14.0 19.0 3174.0 1082.0 1034.0 1058.0
71 37.0 13.0 8.0 16.0 2986.0 990.0 974.0 1022.0
72 34.0 11.0 8.0 15.0 2869.0 984.0 909.0 976.0
73 31.0 19.0 3.0 9.0 2787.0 941.0 928.0 918.0
74 41.0 23.0 0.0 18.0 2737.0 907.0 1004.0 826.0
75 33.0 20.0 1.0 12.0 2606.0 875.0 881.0 850.0
76 30.0 15.0 5.0 10.0 2578.0 859.0 861.0 858.0
77 14.0 8.0 2.0 4.0 2547.0 832.0 874.0 841.0
78 19.0 12.0 1.0 6.0 2400.0 842.0 829.0 729.0
79 17.0 7.0 3.0 7.0 2277.0 801.0 750.0 726.0
80 12.0 3.0 0.0 9.0 1995.0 674.0 670.0 651.0
81 10.0 6.0 0.0 4.0 1892.0 655.0 624.0 613.0
82 14.0 1.0 1.0 12.0 1816.0 673.0 550.0 593.0
83 13.0 2.0 0.0 11.0 1682.0 593.0 504.0 585.0
84 12.0 0.0 0.0 12.0 1600.0 576.0 483.0 541.0
85 6.0 0.0 0.0 6.0 1515.0 519.0 428.0 568.0
86 5.0 0.0 0.0 5.0 1433.0 540.0 427.0 466.0
87 1.0 0.0 0.0 1.0 1450.0 519.0 403.0 528.0
88 1.0 0.0 0.0 1.0 1338.0 485.0 421.0 432.0
89 1.0 0.0 0.0 1.0 1194.0 396.0 385.0 413.0
90 4.0 0.0 0.0 4.0 1232.0 404.0 388.0 440.0
91 5.0 0.0 0.0 5.0 1140.0 431.0 354.0 355.0
92 5.0 0.0 0.0 5.0 1116.0 375.0 396.0 345.0
93 2.0 0.0 0.0 2.0 1080.0 354.0 389.0 337.0
94 0.0 0.0 0.0 0.0 901.0 268.0 351.0 282.0
95 0.0 0.0 0.0 0.0 803.0 243.0 271.0 289.0
96 1.0 0.0 0.0 1.0 842.0 253.0 297.0 292.0
97 0.0 0.0 0.0 0.0 743.0 248.0 263.0 232.0
98 1.0 1.0 0.0 0.0 692.0 221.0 271.0 200.0
99 0.0 0.0 0.0 0.0 654.0 233.0 219.0 202.0
100 1.0 0.0 0.0 1.0 630.0 226.0 250.0 154.0
101 0.0 0.0 0.0 0.0 721.0 270.0 237.0 214.0
102 0.0 0.0 0.0 0.0 665.0 250.0 229.0 186.0
103 0.0 0.0 0.0 0.0 683.0 248.0 242.0 193.0
104 0.0 0.0 0.0 0.0 680.0 275.0 215.0 190.0
105 0.0 0.0 0.0 0.0 676.0 249.0 207.0 220.0
106 0.0 0.0 0.0 0.0 655.0 222.0 212.0 221.0
107 1.0 0.0 0.0 1.0 539.0 182.0 154.0 203.0
108 0.0 0.0 0.0 0.0 532.0 186.0 141.0 205.0
109 1.0 0.0 0.0 1.0 529.0 194.0 156.0 179.0
110 2.0 0.0 0.0 2.0 477.0 192.0 149.0 136.0
111 2.0 0.0 0.0 2.0 470.0 144.0 177.0 149.0
112 0.0 0.0 0.0 0.0 495.0 139.0 166.0 190.0
113 0.0 0.0 0.0 0.0 498.0 142.0 162.0 194.0
114 0.0 0.0 0.0 0.0 470.0 138.0 133.0 199.0
115 0.0 0.0 0.0 0.0 458.0 118.0 140.0 200.0
116 0.0 0.0 0.0 0.0 438.0 116.0 154.0 168.0
117 0.0 0.0 0.0 0.0 366.0 112.0 120.0 134.0
118 0.0 0.0 0.0 0.0 352.0 144.0 101.0 107.0
119 0.0 0.0 0.0 0.0 287.0 122.0 92.0 73.0
120 0.0 0.0 0.0 0.0 320.0 124.0 93.0 103.0
121 0.0 0.0 0.0 0.0 228.0 74.0 59.0 95.0
122 0.0 0.0 0.0 0.0 234.0 83.0 57.0 94.0
123 0.0 0.0 0.0 0.0 207.0 97.0 51.0 59.0
124 0.0 0.0 0.0 0.0 167.0 72.0 41.0 54.0
125 0.0 0.0 0.0 0.0 198.0 82.0 51.0 65.0
126 0.0 0.0 0.0 0.0 199.0 77.0 46.0 76.0
127 0.0 0.0 0.0 0.0 209.0 83.0 59.0 67.0
128 0.0 0.0 0.0 0.0 179.0 77.0 40.0 62.0
129 0.0 0.0 0.0 0.0 214.0 100.0 43.0 71.0
130 0.0 0.0 0.0 0.0 185.0 107.0 23.0 55.0
131 0.0 0.0 0.0 0.0 198.0 105.0 41.0 52.0
132 0.0 0.0 0.0 0.0 165.0 82.0 35.0 48.0
133 0.0 0.0 0.0 0.0 185.0 75.0 42.0 68.0
134 0.0 0.0 0.0 0.0 193.0 52.0 51.0 90.0
135 0.0 0.0 0.0 0.0 161.0 50.0 53.0 58.0
136 0.0 0.0 0.0 0.0 131.0 53.0 31.0 47.0
137 0.0 0.0 0.0 0.0 90.0 33.0 20.0 37.0
138 0.0 0.0 0.0 0.0 102.0 41.0 29.0 32.0
139 0.0 0.0 0.0 0.0 117.0 50.0 39.0 28.0
140 0.0 0.0 0.0 0.0 105.0 43.0 40.0 22.0
141 0.0 0.0 0.0 0.0 103.0 52.0 28.0 23.0
142 0.0 0.0 0.0 0.0 116.0 47.0 25.0 44.0
143 0.0 0.0 0.0 0.0 101.0 31.0 18.0 52.0
144 0.0 0.0 0.0 0.0 87.0 36.0 13.0 38.0
145 0.0 0.0 0.0 0.0 86.0 40.0 11.0 35.0
146 0.0 0.0 0.0 0.0 84.0 44.0 10.0 30.0
147 0.0 0.0 0.0 0.0 80.0 39.0 11.0 30.0
148 0.0 0.0 0.0 0.0 89.0 33.0 15.0 41.0
149 0.0 0.0 0.0 0.0 55.0 18.0 17.0 20.0
150 0.0 0.0 0.0 0.0 44.0 10.0 23.0 11.0
151 0.0 0.0 0.0 0.0 52.0 23.0 17.0 12.0
152 0.0 0.0 0.0 0.0 50.0 29.0 11.0 10.0
153 0.0 0.0 0.0 0.0 45.0 27.0 6.0 12.0
154 0.0 0.0 0.0 0.0 60.0 21.0 8.0 31.0
155 0.0 0.0 0.0 0.0 48.0 29.0 6.0 13.0
156 0.0 0.0 0.0 0.0 46.0 28.0 10.0 8.0
157 0.0 0.0 0.0 0.0 41.0 27.0 6.0 8.0
158 0.0 0.0 0.0 0.0 57.0 31.0 14.0 12.0
159 0.0 0.0 0.0 0.0 53.0 26.0 11.0 16.0
160 0.0 0.0 0.0 0.0 43.0 20.0 11.0 12.0
161 0.0 0.0 0.0 0.0 48.0 19.0 13.0 16.0
162 0.0 0.0 0.0 0.0 48.0 18.0 6.0 24.0
163 0.0 0.0 0.0 0.0 37.0 11.0 12.0 14.0
164 0.0 0.0 0.0 0.0 50.0 12.0 15.0 23.0
165 0.0 0.0 0.0 0.0 37.0 7.0 3.0 27.0
166 0.0 0.0 0.0 0.0 26.0 5.0 15.0 6.0
167 0.0 0.0 0.0 0.0 19.0 5.0 10.0 4.0
168 0.0 0.0 0.0 0.0 24.0 8.0 12.0 4.0
169 0.0 0.0 0.0 0.0 23.0 5.0 10.0 8.0
170 0.0 0.0 0.0 0.0 25.0 3.0 12.0 10.0
171 0.0 0.0 0.0 0.0 15.0 3.0 8.0 4.0
172 0.0 0.0 0.0 0.0 12.0 6.0 4.0 2.0
173 0.0 0.0 0.0 0.0 20.0 9.0 5.0 6.0
174 0.0 0.0 0.0 0.0 12.0 6.0 4.0 2.0
175 0.0 0.0 0.0 0.0 12.0 2.0 4.0 6.0
176 0.0 0.0 0.0 0.0 11.0 2.0 3.0 6.0
177 0.0 0.0 0.0 0.0 13.0 4.0 3.0 6.0
178 0.0 0.0 0.0 0.0 23.0 7.0 2.0 14.0
179 0.0 0.0 0.0 0.0 20.0 9.0 3.0 8.0
180 0.0 0.0 0.0 0.0 14.0 8.0 2.0 4.0
181 0.0 0.0 0.0 0.0 20.0 13.0 4.0 3.0
182 0.0 0.0 0.0 0.0 19.0 14.0 3.0 2.0
183 0.0 0.0 0.0 0.0 13.0 7.0 6.0 0.0
184 0.0 0.0 0.0 0.0 11.0 8.0 3.0 0.0
185 0.0 0.0 0.0 0.0 13.0 6.0 7.0 0.0
186 0.0 0.0 0.0 0.0 9.0 1.0 7.0 1.0
187 0.0 0.0 0.0 0.0 9.0 1.0 8.0 0.0
188 0.0 0.0 0.0 0.0 11.0 3.0 8.0 0.0
189 0.0 0.0 0.0 0.0 11.0 9.0 2.0 0.0
190 0.0 0.0 0.0 0.0 8.0 3.0 4.0 1.0
191 0.0 0.0 0.0 0.0 3.0 3.0 0.0 0.0
192 0.0 0.0 0.0 0.0 7.0 2.0 5.0 0.0
193 0.0 0.0 0.0 0.0 6.0 3.0 3.0 0.0
194 0.0 0.0 0.0 0.0 5.0 2.0 3.0 0.0
195 0.0 0.0 0.0 0.0 8.0 1.0 4.0 3.0
196 0.0 0.0 0.0 0.0 13.0 1.0 0.0 12.0
197 0.0 0.0 0.0 0.0 2.0 0.0 2.0 0.0
198 0.0 0.0 0.0 0.0 5.0 2.0 3.0 0.0
199 0.0 0.0 0.0 0.0 5.0 2.0 3.0 0.0
200 0.0 0.0 0.0 0.0 4.0 2.0 2.0 0.0
201 0.0 0.0 0.0 0.0 8.0 7.0 1.0 0.0
202 0.0 0.0 0.0 0.0 4.0 0.0 4.0 0.0
203 0.0 0.0 0.0 0.0 2.0 2.0 0.0 0.0
204 0.0 0.0 0.0 0.0 1.0 1.0 0.0 0.0
205 0.0 0.0 0.0 0.0 2.0 2.0 0.0 0.0
206 0.0 0.0 0.0 0.0 5.0 5.0 0.0 0.0
207 0.0 0.0 0.0 0.0 8.0 8.0 0.0 0.0
208 0.0 0.0 0.0 0.0 7.0 6.0 1.0 0.0
209 0.0 0.0 0.0 0.0 3.0 2.0 1.0 0.0
210 0.0 0.0 0.0 0.0 1.0 1.0 0.0 0.0
211 0.0 0.0 0.0 0.0 3.0 1.0 2.0 0.0
212 0.0 0.0 0.0 0.0 6.0 1.0 5.0 0.0
213 0.0 0.0 0.0 0.0 5.0 0.0 5.0 0.0
214 0.0 0.0 0.0 0.0 0.0 0.0 0.0 0.0
215 0.0 0.0 0.0 0.0 0.0 0.0 0.0 0.0
216 0.0 0.0 0.0 0.0 4.0 4.0 0.0 0.0
217 0.0 0.0 0.0 0.0 3.0 3.0 0.0 0.0
218 0.0 0.0 0.0 0.0 2.0 2.0 0.0 0.0
219 0.0 0.0 0.0 0.0 3.0 3.0 0.0 0.0
220 0.0 0.0 0.0 0.0 1.0 1.0 0.0 0.0
221 0.0 0.0 0.0 0.0 3.0 3.0 0.0 0.0
222 0.0 0.0 0.0 0.0 1.0 1.0 0.0 0.0
223 0.0 0.0 0.0 0.0 0.0 0.0 0.0 0.0
224 0.0 0.0 0.0 0.0 1.0 1.0 0.0 0.0
225 0.0 0.0 0.0 0.0 1.0 0.0 1.0 0.0
226 0.0 0.0 0.0 0.0 2.0 2.0 0.0 0.0
227 0.0 0.0 0.0 0.0 1.0 1.0 0.0 0.0
228 0.0 0.0 0.0 0.0 0.0 0.0 0.0 0.0
229 0.0 0.0 0.0 0.0 0.0 0.0 0.0 0.0
230 0.0 0.0 0.0 0.0 0.0 0.0 0.0 0.0
231 0.0 0.0 0.0 0.0 0.0 0.0 0.0 0.0
232 0.0 0.0 0.0 0.0 0.0 0.0 0.0 0.0
233 0.0 0.0 0.0 0.0 0.0 0.0 0.0 0.0
234 0.0 0.0 0.0 0.0 0.0 0.0 0.0 0.0
235 0.0 0.0 0.0 0.0 0.0 0.0 0.0 0.0
236 0.0 0.0 0.0 0.0 0.0 0.0 0.0 0.0
237 0.0 0.0 0.0 0.0 0.0 0.0 0.0 0.0
238 0.0 0.0 0.0 0.0 4.0 4.0 0.0 0.0
239 0.0 0.0 0.0 0.0 2.0 2.0 0.0 0.0
240 0.0 0.0 0.0 0.0 1.0 1.0 0.0 0.0
241 0.0 0.0 0.0 0.0 6.0 6.0 0.0 0.0
242 0.0 0.0 0.0 0.0 2.0 1.0 1.0 0.0
243 0.0 0.0 0.0 0.0 1.0 1.0 0.0 0.0
244 0.0 0.0 0.0 0.0 2.0 2.0 0.0 0.0
245 0.0 0.0 0.0 0.0 2.0 2.0 0.0 0.0
246 0.0 0.0 0.0 0.0 4.0 4.0 0.0 0.0
247 0.0 0.0 0.0 0.0 3.0 3.0 0.0 0.0
248 0.0 0.0 0.0 0.0 3.0 3.0 0.0 0.0
249 0.0 0.0 0.0 0.0 1.0 1.0 0.0 0.0
250 0.0 0.0 0.0 0.0 0.0 0.0 0.0 0.0
251 0.0 0.0 0.0 0.0 0.0 0.0 0.0 0.0
252 0.0 0.0 0.0 0.0 0.0 0.0 0.0 0.0
253 0.0 0.0 0.0 0.0 0.0 0.0 0.0 0.0
254 0.0 0.0 0.0 0.0 0.0 0.0 0.0 0.0
255 0.0 0.0 0.0 0.0 0.0 0.0 0.0 0.0
256 0.0 0.0 0.0 0.0 0.0 0.0 0.0 0.0
257 0.0 0.0 0.0 0.0 0.0 0.0 0.0 0.0
258 0.0 0.0 0.0 0.0 0.0 0.0 0.0 0.0
259 0.0 0.0 0.0 0.0 0.0 0.0 0.0 0.0
260 0.0 0.0 0.0 0.0 0.0 0.0 0.0 0.0
261 0.0 0.0 0.0 0.0 0.0 0.0 0.0 0.0
262 0.0 0.0 0.0 0.0 0.0 0.0 0.0 0.0
263 0.0 0.0 0.0 0.0 0.0 0.0 0.0 0.0
264 0.0 0.0 0.0 0.0 0.0 0.0 0.0 0.0
265 0.0 0.0 0.0 0.0 0.0 0.0 0.0 0.0
266 0.0 0.0 0.0 0.0 1.0 1.0 0.0 0.0
267 0.0 0.0 0.0 0.0 0.0 0.0 0.0 0.0
268 0.0 0.0 0.0 0.0 0.0 0.0 0.0 0.0
269 0.0 0.0 0.0 0.0 0.0 0.0 0.0 0.0
270 0.0 0.0 0.0 0.0 0.0 0.0 0.0 0.0
271 0.0 0.0 0.0 0.0 0.0 0.0 0.0 0.0
272 0.0 0.0 0.0 0.0 1.0 1.0 0.0 0.0
273 0.0 0.0 0.0 0.0 0.0 0.0 0.0 0.0
274 0.0 0.0 0.0 0.0 0.0 0.0 0.0 0.0
275 0.0 0.0 0.0 0.0 0.0 0.0 0.0 0.0
276 0.0 0.0 0.0 0.0 0.0 0.0 0.0 0.0
277 0.0 0.0 0.0 0.0 0.0 0.0 0.0 0.0
278 0.0 0.0 0.0 0.0 0.0 0.0 0.0 0.0
279 0.0 0.0 0.0 0.0 0.0 0.0 0.0 0.0
280 0.0 0.0 0.0 0.0 0.0 0.0 0.0 0.0
281 0.0 0.0 0.0 0.0 0.0 0.0 0.0 0.0
282 0.0 0.0 0.0 0.0 0.0 0.0 0.0 0.0
283 0.0 0.0 0.0 0.0 0.0 0.0 0.0 0.0
284 0.0 0.0 0.0 0.0 0.0 0.0 0.0 0.0
285 0.0 0.0 0.0 0.0 0.0 0.0 0.0 0.0
286 0.0 0.0 0.0 0.0 0.0 0.0 0.0 0.0
287 0.0 0.0 0.0 0.0 0.0 0.0 0.0 0.0
288 0.0 0.0 0.0 0.0 0.0 0.0 0.0 0.0
289 0.0 0.0 0.0 0.0 0.0 0.0 0.0 0.0
290 0.0 0.0 0.0 0.0 0.0 0.0 0.0 0.0
291 0.0 0.0 0.0 0.0 0.0 0.0 0.0 0.0
292 0.0 0.0 0.0 0.0 0.0 0.0 0.0 0.0
293 0.0 0.0 0.0 0.0 0.0 0.0 0.0 0.0
294 0.0 0.0 0.0 0.0 0.0 0.0 0.0 0.0
295 0.0 0.0 0.0 0.0 0.0 0.0 0.0 0.0
296 0.0 0.0 0.0 0.0 0.0 0.0 0.0 0.0
297 0.0 0.0 0.0 0.0 0.0 0.0 0.0 0.0
298 0.0 0.0 0.0 0.0 0.0 0.0 0.0 0.0
299 0.0 0.0 0.0 0.0 0.0 0.0 0.0 0.0
300 0.0 0.0 0.0 0.0 0.0 0.0 0.0 0.0
