#/mnt/nas-sph/120_anisotropy_evolution/666_seg3.aim
#xdim 300
#ydim 300
#zdim 196
#el_size 0.025 mm
#ice_vol_frac 0.316883106576 
#mean_cl_ice 11.0539962783 mean_cl_ice_x 11.6126484348 mean_cl_ice_y 10.7766330312 mean_cl_ice_z 10.8121316454 mean_cl_pore 22.6707751469 mean_cl_pore_x 24.0034381169 mean_cl_pore_y 22.0875680947 mean_cl_pore_z 22.0293818155
#mean_cl_squared_ice 201.542760979 mean_cl_squared_ice_x 214.116886462 mean_cl_squared_ice_y 189.979826412 mean_cl_squared_ice_z 201.436454898 	mean_cl_squared_pore 1038.65922483 mean_cl_squared_pore_x 1109.72545661 mean_cl_squared_pore_y 990.537084558 mean_cl_squared_pore_z 1021.43289001
#i l_ice l_ice_x l_ice_y l_ice_z l_pore l_pore_x l_pore_y l_pore_z
0 0.0 0.0 0.0 0.0 0.0 0.0 0.0 0.0
1 60952.0 14794.0 21051.0 25107.0 55422.0 13921.0 18792.0 22709.0
2 91914.0 23322.0 32610.0 35982.0 81234.0 20525.0 28277.0 32432.0
3 105206.0 28948.0 37192.0 39066.0 86662.0 22941.0 30056.0 33665.0
4 107210.0 31528.0 37656.0 38026.0 78128.0 22092.0 26778.0 29258.0
5 104152.0 31866.0 36131.0 36155.0 66870.0 19515.0 22867.0 24488.0
6 98486.0 30870.0 34133.0 33483.0 58778.0 17400.0 20126.0 21252.0
7 91647.0 29167.0 32079.0 30401.0 52945.0 15974.0 18594.0 18377.0
8 84860.0 28134.0 29204.0 27522.0 49281.0 15146.0 17630.0 16505.0
9 78265.0 25998.0 26799.0 25468.0 46353.0 14278.0 16370.0 15705.0
10 71934.0 24004.0 24565.0 23365.0 43409.0 13884.0 15146.0 14379.0
11 66559.0 22348.0 22939.0 21272.0 40804.0 13246.0 14347.0 13211.0
12 58930.0 20212.0 20007.0 18711.0 39110.0 12646.0 14040.0 12424.0
13 53479.0 18398.0 18060.0 17021.0 37239.0 12168.0 13500.0 11571.0
14 47993.0 16438.0 16145.0 15410.0 35840.0 11958.0 12763.0 11119.0
15 43147.0 14684.0 14461.0 14002.0 33984.0 11240.0 11733.0 11011.0
16 38395.0 13106.0 12900.0 12389.0 32396.0 10920.0 11236.0 10240.0
17 33964.0 11402.0 11640.0 10922.0 30742.0 10464.0 10632.0 9646.0
18 30123.0 10272.0 10151.0 9700.0 29858.0 9867.0 10300.0 9691.0
19 26945.0 9350.0 8986.0 8609.0 28343.0 9521.0 9546.0 9276.0
20 24225.0 8569.0 8078.0 7578.0 26949.0 8989.0 9189.0 8771.0
21 21578.0 7558.0 7215.0 6805.0 25932.0 8637.0 8988.0 8307.0
22 19775.0 6835.0 6560.0 6380.0 24847.0 8234.0 8547.0 8066.0
23 17626.0 5918.0 5992.0 5716.0 24492.0 8062.0 8288.0 8142.0
24 15704.0 5442.0 5106.0 5156.0 23158.0 7629.0 7978.0 7551.0
25 14283.0 4958.0 4655.0 4670.0 22563.0 7445.0 8017.0 7101.0
26 12493.0 4339.0 3955.0 4199.0 22019.0 7504.0 7756.0 6759.0
27 10729.0 3772.0 3294.0 3663.0 21058.0 7057.0 7406.0 6595.0
28 9564.0 3412.0 2958.0 3194.0 20348.0 6660.0 7002.0 6686.0
29 8772.0 2984.0 2895.0 2893.0 19415.0 6412.0 6413.0 6590.0
30 7612.0 2502.0 2572.0 2538.0 18141.0 6127.0 6069.0 5945.0
31 6733.0 2290.0 2207.0 2236.0 17630.0 5975.0 5885.0 5770.0
32 6128.0 2160.0 1913.0 2055.0 16954.0 5618.0 5940.0 5396.0
33 5523.0 1896.0 1747.0 1880.0 16139.0 5227.0 5605.0 5307.0
34 4744.0 1579.0 1495.0 1670.0 15249.0 5121.0 5247.0 4881.0
35 4354.0 1427.0 1397.0 1530.0 15105.0 5175.0 5146.0 4784.0
36 3692.0 1181.0 1239.0 1272.0 14178.0 4750.0 4873.0 4555.0
37 3376.0 1113.0 1012.0 1251.0 13845.0 4464.0 4701.0 4680.0
38 2845.0 960.0 879.0 1006.0 13024.0 4335.0 4261.0 4428.0
39 2665.0 882.0 800.0 983.0 12543.0 4129.0 4164.0 4250.0
40 2541.0 837.0 816.0 888.0 12202.0 3976.0 3932.0 4294.0
41 2093.0 675.0 728.0 690.0 11353.0 3682.0 3893.0 3778.0
42 1764.0 598.0 536.0 630.0 10856.0 3501.0 3629.0 3726.0
43 1601.0 506.0 542.0 553.0 10541.0 3293.0 3691.0 3557.0
44 1428.0 455.0 516.0 457.0 10303.0 3309.0 3513.0 3481.0
45 1277.0 412.0 426.0 439.0 9679.0 3020.0 3351.0 3308.0
46 1105.0 361.0 362.0 382.0 9114.0 3017.0 3063.0 3034.0
47 962.0 311.0 291.0 360.0 8424.0 2891.0 2821.0 2712.0
48 861.0 305.0 225.0 331.0 8147.0 2760.0 2633.0 2754.0
49 725.0 274.0 193.0 258.0 8038.0 2743.0 2556.0 2739.0
50 665.0 265.0 169.0 231.0 7639.0 2663.0 2386.0 2590.0
51 556.0 215.0 148.0 193.0 7533.0 2647.0 2293.0 2593.0
52 537.0 202.0 132.0 203.0 7031.0 2512.0 2117.0 2402.0
53 473.0 182.0 99.0 192.0 6631.0 2434.0 2026.0 2171.0
54 409.0 145.0 101.0 163.0 6434.0 2270.0 2023.0 2141.0
55 391.0 126.0 103.0 162.0 6011.0 2131.0 1916.0 1964.0
56 318.0 91.0 102.0 125.0 5914.0 2095.0 1766.0 2053.0
57 279.0 71.0 87.0 121.0 5808.0 1969.0 1760.0 2079.0
58 286.0 81.0 65.0 140.0 5727.0 1973.0 1757.0 1997.0
59 221.0 62.0 46.0 113.0 5215.0 1837.0 1606.0 1772.0
60 244.0 80.0 41.0 123.0 5135.0 1923.0 1553.0 1659.0
61 184.0 41.0 39.0 104.0 4917.0 1781.0 1546.0 1590.0
62 210.0 62.0 33.0 115.0 4525.0 1660.0 1455.0 1410.0
63 171.0 48.0 34.0 89.0 4351.0 1538.0 1355.0 1458.0
64 154.0 53.0 18.0 83.0 4128.0 1511.0 1273.0 1344.0
65 120.0 38.0 15.0 67.0 3976.0 1527.0 1251.0 1198.0
66 96.0 29.0 10.0 57.0 3798.0 1436.0 1160.0 1202.0
67 86.0 29.0 17.0 40.0 3784.0 1371.0 1188.0 1225.0
68 94.0 34.0 16.0 44.0 3747.0 1294.0 1200.0 1253.0
69 63.0 26.0 11.0 26.0 3674.0 1326.0 1141.0 1207.0
70 96.0 11.0 6.0 79.0 3364.0 1125.0 1120.0 1119.0
71 86.0 19.0 8.0 59.0 3495.0 1239.0 1055.0 1201.0
72 57.0 18.0 16.0 23.0 3344.0 1195.0 1020.0 1129.0
73 42.0 13.0 12.0 17.0 3264.0 1114.0 1039.0 1111.0
74 34.0 11.0 5.0 18.0 3133.0 1062.0 1035.0 1036.0
75 24.0 7.0 8.0 9.0 3027.0 1001.0 979.0 1047.0
76 14.0 4.0 6.0 4.0 2776.0 868.0 932.0 976.0
77 31.0 14.0 7.0 10.0 2555.0 850.0 792.0 913.0
78 29.0 8.0 4.0 17.0 2508.0 837.0 801.0 870.0
79 25.0 4.0 6.0 15.0 2388.0 777.0 735.0 876.0
80 15.0 4.0 1.0 10.0 2197.0 699.0 730.0 768.0
81 13.0 3.0 4.0 6.0 2023.0 703.0 642.0 678.0
82 19.0 3.0 3.0 13.0 1838.0 619.0 622.0 597.0
83 10.0 0.0 1.0 9.0 1852.0 672.0 587.0 593.0
84 8.0 0.0 4.0 4.0 1872.0 673.0 570.0 629.0
85 7.0 0.0 1.0 6.0 1879.0 718.0 627.0 534.0
86 8.0 0.0 1.0 7.0 1796.0 658.0 606.0 532.0
87 4.0 1.0 2.0 1.0 1598.0 587.0 570.0 441.0
88 2.0 1.0 0.0 1.0 1475.0 536.0 504.0 435.0
89 3.0 0.0 0.0 3.0 1426.0 532.0 440.0 454.0
90 5.0 0.0 2.0 3.0 1377.0 481.0 416.0 480.0
91 2.0 1.0 0.0 1.0 1341.0 441.0 445.0 455.0
92 3.0 0.0 0.0 3.0 1265.0 452.0 420.0 393.0
93 1.0 1.0 0.0 0.0 1254.0 402.0 430.0 422.0
94 1.0 1.0 0.0 0.0 1207.0 394.0 413.0 400.0
95 1.0 0.0 0.0 1.0 1058.0 347.0 393.0 318.0
96 4.0 0.0 2.0 2.0 1010.0 308.0 373.0 329.0
97 2.0 0.0 0.0 2.0 1034.0 332.0 421.0 281.0
98 0.0 0.0 0.0 0.0 921.0 303.0 349.0 269.0
99 3.0 0.0 0.0 3.0 904.0 337.0 310.0 257.0
100 0.0 0.0 0.0 0.0 880.0 308.0 291.0 281.0
101 0.0 0.0 0.0 0.0 731.0 283.0 211.0 237.0
102 1.0 0.0 0.0 1.0 640.0 222.0 232.0 186.0
103 0.0 0.0 0.0 0.0 712.0 242.0 235.0 235.0
104 0.0 0.0 0.0 0.0 710.0 254.0 233.0 223.0
105 0.0 0.0 0.0 0.0 750.0 275.0 262.0 213.0
106 0.0 0.0 0.0 0.0 749.0 290.0 272.0 187.0
107 1.0 0.0 0.0 1.0 717.0 261.0 250.0 206.0
108 0.0 0.0 0.0 0.0 669.0 246.0 229.0 194.0
109 0.0 0.0 0.0 0.0 632.0 216.0 224.0 192.0
110 0.0 0.0 0.0 0.0 607.0 205.0 205.0 197.0
111 0.0 0.0 0.0 0.0 566.0 176.0 214.0 176.0
112 1.0 0.0 0.0 1.0 517.0 195.0 145.0 177.0
113 0.0 0.0 0.0 0.0 457.0 155.0 122.0 180.0
114 0.0 0.0 0.0 0.0 459.0 124.0 137.0 198.0
115 0.0 0.0 0.0 0.0 466.0 130.0 134.0 202.0
116 0.0 0.0 0.0 0.0 408.0 117.0 123.0 168.0
117 0.0 0.0 0.0 0.0 358.0 99.0 116.0 143.0
118 0.0 0.0 0.0 0.0 359.0 103.0 102.0 154.0
119 0.0 0.0 0.0 0.0 275.0 70.0 80.0 125.0
120 0.0 0.0 0.0 0.0 333.0 68.0 77.0 188.0
121 0.0 0.0 0.0 0.0 354.0 75.0 87.0 192.0
122 0.0 0.0 0.0 0.0 290.0 89.0 55.0 146.0
123 0.0 0.0 0.0 0.0 299.0 94.0 65.0 140.0
124 0.0 0.0 0.0 0.0 290.0 89.0 73.0 128.0
125 0.0 0.0 0.0 0.0 250.0 78.0 66.0 106.0
126 1.0 0.0 0.0 1.0 263.0 102.0 68.0 93.0
127 0.0 0.0 0.0 0.0 271.0 77.0 63.0 131.0
128 0.0 0.0 0.0 0.0 236.0 92.0 40.0 104.0
129 0.0 0.0 0.0 0.0 254.0 85.0 44.0 125.0
130 0.0 0.0 0.0 0.0 221.0 82.0 51.0 88.0
131 0.0 0.0 0.0 0.0 200.0 80.0 41.0 79.0
132 0.0 0.0 0.0 0.0 262.0 108.0 50.0 104.0
133 0.0 0.0 0.0 0.0 187.0 86.0 45.0 56.0
134 0.0 0.0 0.0 0.0 185.0 77.0 32.0 76.0
135 0.0 0.0 0.0 0.0 164.0 65.0 34.0 65.0
136 0.0 0.0 0.0 0.0 202.0 78.0 53.0 71.0
137 0.0 0.0 0.0 0.0 199.0 50.0 66.0 83.0
138 0.0 0.0 0.0 0.0 216.0 72.0 61.0 83.0
139 0.0 0.0 0.0 0.0 204.0 72.0 61.0 71.0
140 0.0 0.0 0.0 0.0 132.0 49.0 38.0 45.0
141 0.0 0.0 0.0 0.0 144.0 54.0 51.0 39.0
142 0.0 0.0 0.0 0.0 148.0 52.0 37.0 59.0
143 0.0 0.0 0.0 0.0 142.0 48.0 60.0 34.0
144 0.0 0.0 0.0 0.0 157.0 56.0 54.0 47.0
145 0.0 0.0 0.0 0.0 129.0 56.0 46.0 27.0
146 0.0 0.0 0.0 0.0 123.0 66.0 36.0 21.0
147 0.0 0.0 0.0 0.0 81.0 25.0 30.0 26.0
148 0.0 0.0 0.0 0.0 77.0 29.0 23.0 25.0
149 0.0 0.0 0.0 0.0 81.0 14.0 22.0 45.0
150 0.0 0.0 0.0 0.0 88.0 24.0 6.0 58.0
151 0.0 0.0 0.0 0.0 87.0 19.0 12.0 56.0
152 0.0 0.0 0.0 0.0 80.0 18.0 24.0 38.0
153 0.0 0.0 0.0 0.0 76.0 18.0 24.0 34.0
154 0.0 0.0 0.0 0.0 85.0 18.0 32.0 35.0
155 0.0 0.0 0.0 0.0 67.0 17.0 29.0 21.0
156 0.0 0.0 0.0 0.0 55.0 16.0 25.0 14.0
157 0.0 0.0 0.0 0.0 62.0 12.0 29.0 21.0
158 0.0 0.0 0.0 0.0 69.0 11.0 27.0 31.0
159 0.0 0.0 0.0 0.0 56.0 11.0 17.0 28.0
160 0.0 0.0 0.0 0.0 54.0 10.0 17.0 27.0
161 0.0 0.0 0.0 0.0 46.0 8.0 19.0 19.0
162 0.0 0.0 0.0 0.0 38.0 9.0 13.0 16.0
163 0.0 0.0 0.0 0.0 43.0 7.0 22.0 14.0
164 0.0 0.0 0.0 0.0 48.0 2.0 27.0 19.0
165 0.0 0.0 0.0 0.0 55.0 2.0 24.0 29.0
166 0.0 0.0 0.0 0.0 53.0 1.0 22.0 30.0
167 0.0 0.0 0.0 0.0 72.0 3.0 34.0 35.0
168 0.0 0.0 0.0 0.0 51.0 4.0 25.0 22.0
169 0.0 0.0 0.0 0.0 38.0 1.0 17.0 20.0
170 0.0 0.0 0.0 0.0 30.0 2.0 17.0 11.0
171 0.0 0.0 0.0 0.0 24.0 0.0 11.0 13.0
172 0.0 0.0 0.0 0.0 35.0 1.0 19.0 15.0
173 0.0 0.0 0.0 0.0 45.0 4.0 19.0 22.0
174 0.0 0.0 0.0 0.0 44.0 2.0 7.0 35.0
175 0.0 0.0 0.0 0.0 24.0 1.0 7.0 16.0
176 0.0 0.0 0.0 0.0 22.0 2.0 13.0 7.0
177 0.0 0.0 0.0 0.0 16.0 4.0 7.0 5.0
178 0.0 0.0 0.0 0.0 14.0 4.0 5.0 5.0
179 0.0 0.0 0.0 0.0 16.0 3.0 8.0 5.0
180 0.0 0.0 0.0 0.0 9.0 1.0 5.0 3.0
181 0.0 0.0 0.0 0.0 11.0 0.0 8.0 3.0
182 0.0 0.0 0.0 0.0 17.0 0.0 7.0 10.0
183 0.0 0.0 0.0 0.0 20.0 2.0 6.0 12.0
184 0.0 0.0 0.0 0.0 18.0 1.0 9.0 8.0
185 0.0 0.0 0.0 0.0 14.0 1.0 8.0 5.0
186 0.0 0.0 0.0 0.0 12.0 1.0 3.0 8.0
187 0.0 0.0 0.0 0.0 10.0 2.0 1.0 7.0
188 0.0 0.0 0.0 0.0 16.0 4.0 3.0 9.0
189 0.0 0.0 0.0 0.0 20.0 2.0 13.0 5.0
190 0.0 0.0 0.0 0.0 16.0 4.0 9.0 3.0
191 0.0 0.0 0.0 0.0 13.0 2.0 9.0 2.0
192 0.0 0.0 0.0 0.0 11.0 4.0 5.0 2.0
193 0.0 0.0 0.0 0.0 8.0 2.0 3.0 3.0
194 0.0 0.0 0.0 0.0 26.0 6.0 8.0 12.0
195 0.0 0.0 0.0 0.0 12.0 1.0 9.0 2.0
196 0.0 0.0 0.0 0.0 93.0 3.0 8.0 82.0
197 0.0 0.0 0.0 0.0 16.0 0.0 16.0 0.0
198 0.0 0.0 0.0 0.0 25.0 6.0 19.0 0.0
199 0.0 0.0 0.0 0.0 12.0 1.0 11.0 0.0
200 0.0 0.0 0.0 0.0 16.0 1.0 15.0 0.0
201 0.0 0.0 0.0 0.0 8.0 0.0 8.0 0.0
202 0.0 0.0 0.0 0.0 8.0 0.0 8.0 0.0
203 0.0 0.0 0.0 0.0 4.0 1.0 3.0 0.0
204 0.0 0.0 0.0 0.0 5.0 3.0 2.0 0.0
205 0.0 0.0 0.0 0.0 3.0 2.0 1.0 0.0
206 0.0 0.0 0.0 0.0 0.0 0.0 0.0 0.0
207 0.0 0.0 0.0 0.0 0.0 0.0 0.0 0.0
208 0.0 0.0 0.0 0.0 0.0 0.0 0.0 0.0
209 0.0 0.0 0.0 0.0 0.0 0.0 0.0 0.0
210 0.0 0.0 0.0 0.0 0.0 0.0 0.0 0.0
211 0.0 0.0 0.0 0.0 0.0 0.0 0.0 0.0
212 0.0 0.0 0.0 0.0 0.0 0.0 0.0 0.0
213 0.0 0.0 0.0 0.0 0.0 0.0 0.0 0.0
214 0.0 0.0 0.0 0.0 3.0 3.0 0.0 0.0
215 0.0 0.0 0.0 0.0 1.0 1.0 0.0 0.0
216 0.0 0.0 0.0 0.0 4.0 2.0 2.0 0.0
217 0.0 0.0 0.0 0.0 2.0 2.0 0.0 0.0
218 0.0 0.0 0.0 0.0 0.0 0.0 0.0 0.0
219 0.0 0.0 0.0 0.0 3.0 3.0 0.0 0.0
220 0.0 0.0 0.0 0.0 1.0 1.0 0.0 0.0
221 0.0 0.0 0.0 0.0 2.0 2.0 0.0 0.0
222 0.0 0.0 0.0 0.0 1.0 1.0 0.0 0.0
223 0.0 0.0 0.0 0.0 1.0 1.0 0.0 0.0
224 0.0 0.0 0.0 0.0 0.0 0.0 0.0 0.0
225 0.0 0.0 0.0 0.0 1.0 0.0 1.0 0.0
226 0.0 0.0 0.0 0.0 0.0 0.0 0.0 0.0
227 0.0 0.0 0.0 0.0 0.0 0.0 0.0 0.0
228 0.0 0.0 0.0 0.0 0.0 0.0 0.0 0.0
229 0.0 0.0 0.0 0.0 0.0 0.0 0.0 0.0
230 0.0 0.0 0.0 0.0 0.0 0.0 0.0 0.0
231 0.0 0.0 0.0 0.0 0.0 0.0 0.0 0.0
232 0.0 0.0 0.0 0.0 2.0 2.0 0.0 0.0
233 0.0 0.0 0.0 0.0 4.0 2.0 2.0 0.0
234 0.0 0.0 0.0 0.0 1.0 1.0 0.0 0.0
235 0.0 0.0 0.0 0.0 0.0 0.0 0.0 0.0
236 0.0 0.0 0.0 0.0 0.0 0.0 0.0 0.0
237 0.0 0.0 0.0 0.0 0.0 0.0 0.0 0.0
238 0.0 0.0 0.0 0.0 0.0 0.0 0.0 0.0
239 0.0 0.0 0.0 0.0 0.0 0.0 0.0 0.0
240 0.0 0.0 0.0 0.0 0.0 0.0 0.0 0.0
241 0.0 0.0 0.0 0.0 0.0 0.0 0.0 0.0
242 0.0 0.0 0.0 0.0 1.0 1.0 0.0 0.0
243 0.0 0.0 0.0 0.0 3.0 3.0 0.0 0.0
244 0.0 0.0 0.0 0.0 7.0 7.0 0.0 0.0
245 0.0 0.0 0.0 0.0 5.0 5.0 0.0 0.0
246 0.0 0.0 0.0 0.0 1.0 1.0 0.0 0.0
247 0.0 0.0 0.0 0.0 6.0 1.0 5.0 0.0
248 0.0 0.0 0.0 0.0 1.0 1.0 0.0 0.0
249 0.0 0.0 0.0 0.0 2.0 2.0 0.0 0.0
250 0.0 0.0 0.0 0.0 4.0 3.0 1.0 0.0
251 0.0 0.0 0.0 0.0 4.0 2.0 2.0 0.0
252 0.0 0.0 0.0 0.0 3.0 1.0 2.0 0.0
253 0.0 0.0 0.0 0.0 2.0 2.0 0.0 0.0
254 0.0 0.0 0.0 0.0 3.0 3.0 0.0 0.0
255 0.0 0.0 0.0 0.0 0.0 0.0 0.0 0.0
256 0.0 0.0 0.0 0.0 2.0 1.0 1.0 0.0
257 0.0 0.0 0.0 0.0 2.0 2.0 0.0 0.0
258 0.0 0.0 0.0 0.0 2.0 2.0 0.0 0.0
259 0.0 0.0 0.0 0.0 0.0 0.0 0.0 0.0
260 0.0 0.0 0.0 0.0 0.0 0.0 0.0 0.0
261 0.0 0.0 0.0 0.0 1.0 0.0 1.0 0.0
262 0.0 0.0 0.0 0.0 0.0 0.0 0.0 0.0
263 0.0 0.0 0.0 0.0 1.0 0.0 1.0 0.0
264 0.0 0.0 0.0 0.0 3.0 0.0 3.0 0.0
265 0.0 0.0 0.0 0.0 0.0 0.0 0.0 0.0
266 0.0 0.0 0.0 0.0 1.0 0.0 1.0 0.0
267 0.0 0.0 0.0 0.0 1.0 1.0 0.0 0.0
268 0.0 0.0 0.0 0.0 0.0 0.0 0.0 0.0
269 0.0 0.0 0.0 0.0 0.0 0.0 0.0 0.0
270 0.0 0.0 0.0 0.0 0.0 0.0 0.0 0.0
271 0.0 0.0 0.0 0.0 0.0 0.0 0.0 0.0
272 0.0 0.0 0.0 0.0 0.0 0.0 0.0 0.0
273 0.0 0.0 0.0 0.0 0.0 0.0 0.0 0.0
274 0.0 0.0 0.0 0.0 2.0 2.0 0.0 0.0
275 0.0 0.0 0.0 0.0 2.0 2.0 0.0 0.0
276 0.0 0.0 0.0 0.0 0.0 0.0 0.0 0.0
277 0.0 0.0 0.0 0.0 1.0 1.0 0.0 0.0
278 0.0 0.0 0.0 0.0 5.0 3.0 2.0 0.0
279 0.0 0.0 0.0 0.0 7.0 6.0 1.0 0.0
280 0.0 0.0 0.0 0.0 5.0 5.0 0.0 0.0
281 0.0 0.0 0.0 0.0 3.0 3.0 0.0 0.0
282 0.0 0.0 0.0 0.0 2.0 2.0 0.0 0.0
283 0.0 0.0 0.0 0.0 2.0 2.0 0.0 0.0
284 0.0 0.0 0.0 0.0 1.0 1.0 0.0 0.0
285 0.0 0.0 0.0 0.0 0.0 0.0 0.0 0.0
286 0.0 0.0 0.0 0.0 0.0 0.0 0.0 0.0
287 0.0 0.0 0.0 0.0 0.0 0.0 0.0 0.0
288 0.0 0.0 0.0 0.0 0.0 0.0 0.0 0.0
289 0.0 0.0 0.0 0.0 0.0 0.0 0.0 0.0
290 0.0 0.0 0.0 0.0 2.0 2.0 0.0 0.0
291 0.0 0.0 0.0 0.0 0.0 0.0 0.0 0.0
292 0.0 0.0 0.0 0.0 0.0 0.0 0.0 0.0
293 0.0 0.0 0.0 0.0 0.0 0.0 0.0 0.0
294 0.0 0.0 0.0 0.0 0.0 0.0 0.0 0.0
295 0.0 0.0 0.0 0.0 0.0 0.0 0.0 0.0
296 0.0 0.0 0.0 0.0 0.0 0.0 0.0 0.0
297 0.0 0.0 0.0 0.0 0.0 0.0 0.0 0.0
298 0.0 0.0 0.0 0.0 0.0 0.0 0.0 0.0
299 0.0 0.0 0.0 0.0 0.0 0.0 0.0 0.0
300 0.0 0.0 0.0 0.0 0.0 0.0 0.0 0.0
