#/mnt/nas-sph/120_anisotropy_evolution/c0002981_seg_adthreshold_scaledsub.aim
#xdim 190
#ydim 190
#zdim 190
#el_size 0.036 mm
#ice_vol_frac 0.337226126257 
#mean_cl_ice 14.5365650302 mean_cl_ice_x 14.2216278698 mean_cl_ice_y 14.6647942331 mean_cl_ice_z 14.7340144981 mean_cl_pore 26.4820752409 mean_cl_pore_x 26.2806021575 mean_cl_pore_y 26.55276423 mean_cl_pore_z 26.6152585142
#mean_cl_squared_ice 331.965007175 mean_cl_squared_ice_x 295.892647656 mean_cl_squared_ice_y 330.16263544 mean_cl_squared_ice_z 371.147885799 	mean_cl_squared_pore 1363.91037038 mean_cl_squared_pore_x 1336.58251338 mean_cl_squared_pore_y 1358.26519085 mean_cl_squared_pore_z 1397.2446854
#i l_ice l_ice_x l_ice_y l_ice_z l_pore l_pore_x l_pore_y l_pore_z
0 0.0 0.0 0.0 0.0 0.0 0.0 0.0 0.0
1 13007.0 4119.0 3977.0 4911.0 16341.0 5432.0 5503.0 5406.0
2 15518.0 5017.0 4893.0 5608.0 21202.0 7034.0 7139.0 7029.0
3 18372.0 5874.0 5883.0 6615.0 22321.0 7278.0 7513.0 7530.0
4 21176.0 6889.0 6773.0 7514.0 20953.0 6803.0 7004.0 7146.0
5 22983.0 7524.0 7410.0 8049.0 18975.0 6137.0 6254.0 6584.0
6 23697.0 7683.0 7828.0 8186.0 16561.0 5606.0 5296.0 5659.0
7 24301.0 8330.0 7776.0 8195.0 15338.0 5190.0 4926.0 5222.0
8 24249.0 8374.0 7715.0 8160.0 14210.0 4950.0 4689.0 4571.0
9 23282.0 7787.0 7661.0 7834.0 13328.0 4479.0 4520.0 4329.0
10 21988.0 7392.0 7399.0 7197.0 12652.0 4210.0 4177.0 4265.0
11 21135.0 7269.0 7059.0 6807.0 12171.0 3930.0 3978.0 4263.0
12 19794.0 6997.0 6728.0 6069.0 11502.0 3713.0 3729.0 4060.0
13 18443.0 6388.0 6228.0 5827.0 11044.0 3515.0 3646.0 3883.0
14 17445.0 6406.0 5802.0 5237.0 10628.0 3552.0 3523.0 3553.0
15 16402.0 6035.0 5379.0 4988.0 10119.0 3392.0 3352.0 3375.0
16 15753.0 6034.0 4940.0 4779.0 9981.0 3246.0 3476.0 3259.0
17 14903.0 5576.0 4803.0 4524.0 9435.0 2980.0 3424.0 3031.0
18 13608.0 4848.0 4436.0 4324.0 9087.0 3022.0 3207.0 2858.0
19 12499.0 4524.0 4149.0 3826.0 8823.0 3104.0 2889.0 2830.0
20 11589.0 4141.0 3961.0 3487.0 8698.0 3118.0 2742.0 2838.0
21 10678.0 3656.0 3772.0 3250.0 8303.0 3047.0 2575.0 2681.0
22 9276.0 3198.0 3238.0 2840.0 8154.0 2962.0 2642.0 2550.0
23 8335.0 2893.0 2912.0 2530.0 8040.0 2824.0 2719.0 2497.0
24 7324.0 2517.0 2648.0 2159.0 7899.0 2759.0 2683.0 2457.0
25 6469.0 2263.0 2270.0 1936.0 7552.0 2580.0 2481.0 2491.0
26 5946.0 2167.0 2052.0 1727.0 7350.0 2665.0 2354.0 2331.0
27 5461.0 1993.0 1954.0 1514.0 6892.0 2515.0 2277.0 2100.0
28 4964.0 1730.0 1892.0 1342.0 6816.0 2526.0 2157.0 2133.0
29 4440.0 1623.0 1697.0 1120.0 6673.0 2491.0 2114.0 2068.0
30 4117.0 1438.0 1530.0 1149.0 6348.0 2183.0 2148.0 2017.0
31 3566.0 1256.0 1211.0 1099.0 5959.0 2080.0 1971.0 1908.0
32 3417.0 1290.0 1108.0 1019.0 5782.0 2053.0 1794.0 1935.0
33 3057.0 987.0 1098.0 972.0 5592.0 1904.0 1821.0 1867.0
34 2798.0 925.0 960.0 913.0 5571.0 1943.0 1739.0 1889.0
35 2710.0 912.0 912.0 886.0 5673.0 1885.0 1734.0 2054.0
36 2472.0 927.0 735.0 810.0 5310.0 1757.0 1686.0 1867.0
37 2239.0 772.0 702.0 765.0 5125.0 1758.0 1649.0 1718.0
38 2064.0 746.0 673.0 645.0 4961.0 1738.0 1666.0 1557.0
39 1920.0 757.0 536.0 627.0 5040.0 1789.0 1787.0 1464.0
40 1668.0 651.0 468.0 549.0 4686.0 1722.0 1569.0 1395.0
41 1424.0 462.0 466.0 496.0 4514.0 1676.0 1501.0 1337.0
42 1278.0 458.0 382.0 438.0 4541.0 1654.0 1514.0 1373.0
43 1130.0 402.0 358.0 370.0 4298.0 1482.0 1482.0 1334.0
44 990.0 236.0 376.0 378.0 3924.0 1408.0 1347.0 1169.0
45 844.0 164.0 296.0 384.0 3786.0 1289.0 1212.0 1285.0
46 818.0 170.0 253.0 395.0 3765.0 1274.0 1233.0 1258.0
47 718.0 142.0 226.0 350.0 3520.0 1248.0 1160.0 1112.0
48 725.0 122.0 203.0 400.0 3345.0 1148.0 1169.0 1028.0
49 649.0 97.0 215.0 337.0 3262.0 1070.0 1211.0 981.0
50 528.0 90.0 177.0 261.0 3103.0 1019.0 1099.0 985.0
51 431.0 70.0 137.0 224.0 2956.0 907.0 1098.0 951.0
52 353.0 51.0 142.0 160.0 2934.0 956.0 1047.0 931.0
53 299.0 34.0 114.0 151.0 2776.0 1010.0 885.0 881.0
54 282.0 29.0 99.0 154.0 2731.0 980.0 830.0 921.0
55 211.0 23.0 72.0 116.0 2548.0 838.0 815.0 895.0
56 188.0 18.0 62.0 108.0 2398.0 799.0 769.0 830.0
57 191.0 22.0 59.0 110.0 2262.0 716.0 759.0 787.0
58 261.0 33.0 90.0 138.0 2227.0 740.0 700.0 787.0
59 250.0 36.0 88.0 126.0 2133.0 676.0 703.0 754.0
60 252.0 17.0 114.0 121.0 2039.0 621.0 723.0 695.0
61 268.0 17.0 102.0 149.0 1917.0 584.0 715.0 618.0
62 207.0 13.0 60.0 134.0 1799.0 566.0 674.0 559.0
63 225.0 8.0 67.0 150.0 1660.0 474.0 611.0 575.0
64 180.0 10.0 57.0 113.0 1672.0 461.0 517.0 694.0
65 125.0 4.0 48.0 73.0 1509.0 462.0 472.0 575.0
66 106.0 2.0 48.0 56.0 1494.0 449.0 460.0 585.0
67 102.0 0.0 42.0 60.0 1438.0 428.0 421.0 589.0
68 97.0 2.0 23.0 72.0 1330.0 349.0 425.0 556.0
69 100.0 0.0 34.0 66.0 1351.0 346.0 463.0 542.0
70 132.0 0.0 37.0 95.0 1272.0 366.0 466.0 440.0
71 74.0 0.0 7.0 67.0 1253.0 346.0 470.0 437.0
72 80.0 0.0 15.0 65.0 1300.0 338.0 476.0 486.0
73 65.0 0.0 8.0 57.0 1361.0 367.0 538.0 456.0
74 59.0 1.0 5.0 53.0 1247.0 378.0 449.0 420.0
75 59.0 1.0 12.0 46.0 1173.0 373.0 385.0 415.0
76 55.0 0.0 5.0 50.0 1305.0 394.0 481.0 430.0
77 47.0 0.0 4.0 43.0 1141.0 340.0 430.0 371.0
78 49.0 0.0 3.0 46.0 1074.0 393.0 354.0 327.0
79 40.0 0.0 2.0 38.0 1046.0 337.0 346.0 363.0
80 22.0 0.0 1.0 21.0 988.0 305.0 338.0 345.0
81 15.0 0.0 1.0 14.0 907.0 286.0 339.0 282.0
82 21.0 0.0 0.0 21.0 933.0 283.0 364.0 286.0
83 20.0 0.0 2.0 18.0 804.0 243.0 308.0 253.0
84 14.0 0.0 4.0 10.0 769.0 225.0 302.0 242.0
85 8.0 0.0 1.0 7.0 718.0 240.0 287.0 191.0
86 22.0 0.0 4.0 18.0 650.0 227.0 239.0 184.0
87 21.0 0.0 5.0 16.0 586.0 204.0 221.0 161.0
88 15.0 0.0 3.0 12.0 591.0 207.0 184.0 200.0
89 15.0 0.0 4.0 11.0 595.0 211.0 185.0 199.0
90 23.0 0.0 2.0 21.0 582.0 188.0 182.0 212.0
91 16.0 0.0 3.0 13.0 617.0 167.0 174.0 276.0
92 19.0 0.0 3.0 16.0 604.0 138.0 180.0 286.0
93 9.0 0.0 0.0 9.0 558.0 136.0 187.0 235.0
94 12.0 0.0 2.0 10.0 521.0 125.0 180.0 216.0
95 9.0 0.0 0.0 9.0 535.0 113.0 197.0 225.0
96 34.0 0.0 2.0 32.0 522.0 100.0 185.0 237.0
97 19.0 0.0 2.0 17.0 470.0 98.0 188.0 184.0
98 10.0 0.0 0.0 10.0 584.0 260.0 175.0 149.0
99 8.0 0.0 2.0 6.0 481.0 165.0 172.0 144.0
100 8.0 0.0 1.0 7.0 489.0 119.0 184.0 186.0
101 6.0 0.0 1.0 5.0 503.0 124.0 195.0 184.0
102 5.0 0.0 2.0 3.0 434.0 96.0 197.0 141.0
103 2.0 0.0 0.0 2.0 398.0 100.0 177.0 121.0
104 6.0 0.0 2.0 4.0 391.0 129.0 135.0 127.0
105 7.0 0.0 1.0 6.0 428.0 164.0 138.0 126.0
106 1.0 0.0 1.0 0.0 393.0 149.0 120.0 124.0
107 2.0 0.0 0.0 2.0 377.0 131.0 103.0 143.0
108 2.0 0.0 0.0 2.0 354.0 131.0 94.0 129.0
109 3.0 0.0 0.0 3.0 404.0 142.0 148.0 114.0
110 2.0 0.0 0.0 2.0 348.0 133.0 118.0 97.0
111 3.0 0.0 2.0 1.0 378.0 153.0 128.0 97.0
112 4.0 0.0 0.0 4.0 407.0 151.0 146.0 110.0
113 1.0 0.0 0.0 1.0 372.0 172.0 91.0 109.0
114 2.0 0.0 0.0 2.0 295.0 104.0 90.0 101.0
115 0.0 0.0 0.0 0.0 278.0 86.0 112.0 80.0
116 6.0 0.0 0.0 6.0 253.0 91.0 88.0 74.0
117 6.0 0.0 0.0 6.0 247.0 79.0 58.0 110.0
118 0.0 0.0 0.0 0.0 206.0 86.0 50.0 70.0
119 0.0 0.0 0.0 0.0 204.0 68.0 67.0 69.0
120 0.0 0.0 0.0 0.0 164.0 65.0 45.0 54.0
121 0.0 0.0 0.0 0.0 137.0 36.0 45.0 56.0
122 0.0 0.0 0.0 0.0 160.0 30.0 79.0 51.0
123 0.0 0.0 0.0 0.0 127.0 34.0 51.0 42.0
124 0.0 0.0 0.0 0.0 127.0 40.0 48.0 39.0
125 0.0 0.0 0.0 0.0 150.0 48.0 52.0 50.0
126 0.0 0.0 0.0 0.0 188.0 84.0 53.0 51.0
127 0.0 0.0 0.0 0.0 174.0 64.0 59.0 51.0
128 0.0 0.0 0.0 0.0 125.0 46.0 38.0 41.0
129 0.0 0.0 0.0 0.0 92.0 38.0 27.0 27.0
130 0.0 0.0 0.0 0.0 88.0 28.0 32.0 28.0
131 0.0 0.0 0.0 0.0 96.0 37.0 23.0 36.0
132 0.0 0.0 0.0 0.0 95.0 46.0 22.0 27.0
133 0.0 0.0 0.0 0.0 128.0 53.0 28.0 47.0
134 0.0 0.0 0.0 0.0 143.0 55.0 13.0 75.0
135 0.0 0.0 0.0 0.0 104.0 32.0 15.0 57.0
136 0.0 0.0 0.0 0.0 77.0 31.0 8.0 38.0
137 0.0 0.0 0.0 0.0 95.0 29.0 18.0 48.0
138 0.0 0.0 0.0 0.0 59.0 17.0 16.0 26.0
139 0.0 0.0 0.0 0.0 57.0 22.0 11.0 24.0
140 0.0 0.0 0.0 0.0 44.0 18.0 17.0 9.0
141 0.0 0.0 0.0 0.0 35.0 12.0 12.0 11.0
142 0.0 0.0 0.0 0.0 49.0 7.0 18.0 24.0
143 0.0 0.0 0.0 0.0 49.0 13.0 20.0 16.0
144 0.0 0.0 0.0 0.0 50.0 18.0 18.0 14.0
145 0.0 0.0 0.0 0.0 54.0 30.0 17.0 7.0
146 0.0 0.0 0.0 0.0 55.0 30.0 22.0 3.0
147 0.0 0.0 0.0 0.0 59.0 40.0 15.0 4.0
148 0.0 0.0 0.0 0.0 51.0 26.0 17.0 8.0
149 0.0 0.0 0.0 0.0 51.0 24.0 14.0 13.0
150 0.0 0.0 0.0 0.0 52.0 21.0 17.0 14.0
151 0.0 0.0 0.0 0.0 51.0 16.0 21.0 14.0
152 0.0 0.0 0.0 0.0 38.0 14.0 12.0 12.0
153 0.0 0.0 0.0 0.0 44.0 8.0 22.0 14.0
154 0.0 0.0 0.0 0.0 49.0 13.0 15.0 21.0
155 0.0 0.0 0.0 0.0 61.0 13.0 11.0 37.0
156 0.0 0.0 0.0 0.0 56.0 9.0 20.0 27.0
157 0.0 0.0 0.0 0.0 77.0 9.0 18.0 50.0
158 0.0 0.0 0.0 0.0 53.0 12.0 2.0 39.0
159 0.0 0.0 0.0 0.0 36.0 8.0 3.0 25.0
160 0.0 0.0 0.0 0.0 34.0 9.0 1.0 24.0
161 0.0 0.0 0.0 0.0 42.0 16.0 3.0 23.0
162 0.0 0.0 0.0 0.0 38.0 10.0 6.0 22.0
163 0.0 0.0 0.0 0.0 43.0 11.0 2.0 30.0
164 0.0 0.0 0.0 0.0 22.0 7.0 1.0 14.0
165 0.0 0.0 0.0 0.0 23.0 5.0 7.0 11.0
166 0.0 0.0 0.0 0.0 21.0 9.0 7.0 5.0
167 0.0 0.0 0.0 0.0 36.0 15.0 17.0 4.0
168 0.0 0.0 0.0 0.0 47.0 22.0 19.0 6.0
169 0.0 0.0 0.0 0.0 69.0 25.0 27.0 17.0
170 0.0 0.0 0.0 0.0 43.0 21.0 10.0 12.0
171 0.0 0.0 0.0 0.0 29.0 12.0 1.0 16.0
172 0.0 0.0 0.0 0.0 25.0 9.0 1.0 15.0
173 0.0 0.0 0.0 0.0 11.0 4.0 2.0 5.0
174 0.0 0.0 0.0 0.0 8.0 1.0 0.0 7.0
175 0.0 0.0 0.0 0.0 16.0 13.0 0.0 3.0
176 0.0 0.0 0.0 0.0 12.0 5.0 0.0 7.0
177 0.0 0.0 0.0 0.0 14.0 6.0 3.0 5.0
178 0.0 0.0 0.0 0.0 15.0 4.0 5.0 6.0
179 0.0 0.0 0.0 0.0 8.0 4.0 3.0 1.0
180 0.0 0.0 0.0 0.0 6.0 2.0 1.0 3.0
181 0.0 0.0 0.0 0.0 10.0 7.0 1.0 2.0
182 0.0 0.0 0.0 0.0 5.0 2.0 3.0 0.0
183 0.0 0.0 0.0 0.0 11.0 2.0 9.0 0.0
184 0.0 0.0 0.0 0.0 14.0 0.0 14.0 0.0
185 0.0 0.0 0.0 0.0 19.0 7.0 12.0 0.0
186 0.0 0.0 0.0 0.0 13.0 2.0 6.0 5.0
187 0.0 0.0 0.0 0.0 16.0 0.0 9.0 7.0
188 0.0 0.0 0.0 0.0 15.0 0.0 5.0 10.0
189 0.0 0.0 0.0 0.0 22.0 4.0 5.0 13.0
190 0.0 0.0 0.0 0.0 226.0 105.0 42.0 79.0
