#/mnt/nas-sph/120_anisotropy_evolution/C0004068_SEG.aim
#xdim 626
#ydim 626
#zdim 625
#el_size 0.01 mm
#ice_vol_frac 0.0675948024375 
#mean_cl_ice 3.92630542349 mean_cl_ice_x 4.11543664602 mean_cl_ice_y 4.02848643604 mean_cl_ice_z 3.66491915721 mean_cl_pore 50.1112075071 mean_cl_pore_x 52.2855597744 mean_cl_pore_y 51.3358261631 mean_cl_pore_z 47.0332948678
#mean_cl_squared_ice 22.044745993 mean_cl_squared_ice_x 24.2312546206 mean_cl_squared_ice_y 23.270976651 mean_cl_squared_ice_z 18.9820303607 	mean_cl_squared_pore 6041.9306964 mean_cl_squared_pore_x 6421.06663296 mean_cl_squared_pore_y 6243.91426083 mean_cl_squared_pore_z 5515.82524895
#i l_ice l_ice_x l_ice_y l_ice_z l_pore l_pore_x l_pore_y l_pore_z
0 0.0 0.0 0.0 0.0 0.0 0.0 0.0 0.0
1 1226241.0 357846.0 380083.0 488312.0 199800.0 58995.0 61542.0 79263.0
2 2426804.0 704674.0 751007.0 971123.0 378457.0 108773.0 115702.0 153982.0
3 3068771.0 924174.0 967717.0 1176880.0 554432.0 158933.0 167590.0 227909.0
4 2362057.0 775133.0 782587.0 804337.0 598011.0 178023.0 185746.0 234242.0
5 1333791.0 463956.0 455537.0 414298.0 515510.0 159939.0 163970.0 191601.0
6 753610.0 263435.0 257637.0 232538.0 433098.0 136316.0 138463.0 158319.0
7 477232.0 165957.0 163459.0 147816.0 379832.0 119376.0 121391.0 139065.0
8 317854.0 112178.0 109908.0 95768.0 341605.0 107450.0 108982.0 125173.0
9 211928.0 76828.0 73724.0 61376.0 310171.0 97803.0 98921.0 113447.0
10 143379.0 53098.0 50441.0 39840.0 282914.0 89558.0 90776.0 102580.0
11 95756.0 35945.0 33875.0 25936.0 259762.0 82338.0 83241.0 94183.0
12 65294.0 24741.0 23523.0 17030.0 240065.0 75984.0 77159.0 86922.0
13 45513.0 17393.0 16407.0 11713.0 223442.0 70528.0 72633.0 80281.0
14 32032.0 12436.0 11424.0 8172.0 209644.0 66082.0 67750.0 75812.0
15 22820.0 8805.0 8170.0 5845.0 195161.0 61619.0 62209.0 71333.0
16 16559.0 6455.0 5933.0 4171.0 183786.0 58524.0 58710.0 66552.0
17 12042.0 4782.0 4247.0 3013.0 173254.0 54649.0 55945.0 62660.0
18 8914.0 3455.0 3171.0 2288.0 164819.0 52177.0 53028.0 59614.0
19 6702.0 2614.0 2407.0 1681.0 157937.0 51004.0 50762.0 56171.0
20 4882.0 1973.0 1779.0 1130.0 150606.0 48041.0 48944.0 53621.0
21 3717.0 1463.0 1389.0 865.0 143950.0 46012.0 46482.0 51456.0
22 2865.0 1196.0 1036.0 633.0 138607.0 43745.0 44739.0 50123.0
23 2180.0 904.0 811.0 465.0 133635.0 42071.0 43396.0 48168.0
24 1641.0 645.0 626.0 370.0 128886.0 40977.0 42125.0 45784.0
25 1310.0 547.0 445.0 318.0 125695.0 39809.0 41068.0 44818.0
26 1007.0 399.0 353.0 255.0 121759.0 38914.0 39803.0 43042.0
27 895.0 329.0 343.0 223.0 117911.0 37685.0 38098.0 42128.0
28 707.0 229.0 288.0 190.0 115370.0 36619.0 37388.0 41363.0
29 538.0 191.0 182.0 165.0 112435.0 35357.0 37041.0 40037.0
30 444.0 152.0 177.0 115.0 110191.0 34385.0 36431.0 39375.0
31 392.0 146.0 152.0 94.0 107270.0 33799.0 35556.0 37915.0
32 343.0 139.0 135.0 69.0 104602.0 33119.0 34658.0 36825.0
33 263.0 117.0 87.0 59.0 102189.0 32276.0 33911.0 36002.0
34 200.0 96.0 66.0 38.0 99488.0 31239.0 33331.0 34918.0
35 156.0 72.0 56.0 28.0 97801.0 31383.0 32248.0 34170.0
36 93.0 34.0 45.0 14.0 95374.0 30514.0 31154.0 33706.0
37 92.0 34.0 41.0 17.0 93618.0 30053.0 30323.0 33242.0
38 71.0 34.0 27.0 10.0 91301.0 28759.0 29794.0 32748.0
39 61.0 20.0 28.0 13.0 89771.0 28379.0 29381.0 32011.0
40 70.0 25.0 38.0 7.0 87303.0 27749.0 28462.0 31092.0
41 59.0 25.0 28.0 6.0 85722.0 27077.0 28120.0 30525.0
42 44.0 9.0 25.0 10.0 85003.0 26951.0 28224.0 29828.0
43 48.0 20.0 25.0 3.0 84083.0 26264.0 28413.0 29406.0
44 22.0 10.0 9.0 3.0 82177.0 25774.0 27382.0 29021.0
45 31.0 8.0 16.0 7.0 80628.0 25548.0 26678.0 28402.0
46 37.0 6.0 24.0 7.0 80006.0 25378.0 26112.0 28516.0
47 27.0 6.0 18.0 3.0 78889.0 25063.0 26191.0 27635.0
48 20.0 6.0 12.0 2.0 77542.0 24514.0 25465.0 27563.0
49 18.0 6.0 7.0 5.0 76408.0 23810.0 25273.0 27325.0
50 13.0 5.0 6.0 2.0 75070.0 24053.0 24435.0 26582.0
51 19.0 6.0 10.0 3.0 73214.0 23037.0 24064.0 26113.0
52 12.0 3.0 6.0 3.0 72563.0 22983.0 24176.0 25404.0
53 10.0 4.0 3.0 3.0 70887.0 22529.0 23716.0 24642.0
54 21.0 8.0 8.0 5.0 69390.0 22424.0 22919.0 24047.0
55 6.0 2.0 3.0 1.0 68551.0 22194.0 22694.0 23663.0
56 8.0 1.0 5.0 2.0 67522.0 21615.0 22326.0 23581.0
57 8.0 1.0 6.0 1.0 66988.0 21473.0 22209.0 23306.0
58 2.0 0.0 2.0 0.0 65494.0 21032.0 21848.0 22614.0
59 1.0 0.0 0.0 1.0 65281.0 20842.0 21855.0 22584.0
60 2.0 1.0 1.0 0.0 64858.0 20831.0 21798.0 22229.0
61 5.0 0.0 5.0 0.0 63082.0 20444.0 21130.0 21508.0
62 4.0 0.0 3.0 1.0 62883.0 20277.0 21328.0 21278.0
63 0.0 0.0 0.0 0.0 60889.0 19544.0 20868.0 20477.0
64 2.0 0.0 2.0 0.0 59767.0 19315.0 20261.0 20191.0
65 1.0 1.0 0.0 0.0 59011.0 19120.0 19738.0 20153.0
66 2.0 0.0 2.0 0.0 58463.0 19102.0 19834.0 19527.0
67 2.0 0.0 1.0 1.0 57320.0 18560.0 19503.0 19257.0
68 3.0 0.0 2.0 1.0 56622.0 18584.0 18726.0 19312.0
69 2.0 0.0 1.0 1.0 55611.0 18388.0 18612.0 18611.0
70 1.0 0.0 1.0 0.0 54950.0 18026.0 18392.0 18532.0
71 2.0 0.0 2.0 0.0 54084.0 17970.0 18289.0 17825.0
72 0.0 0.0 0.0 0.0 53490.0 17976.0 17872.0 17642.0
73 1.0 0.0 1.0 0.0 53378.0 17920.0 17879.0 17579.0
74 0.0 0.0 0.0 0.0 52188.0 17546.0 17633.0 17009.0
75 2.0 0.0 2.0 0.0 51519.0 17195.0 17298.0 17026.0
76 0.0 0.0 0.0 0.0 51213.0 16785.0 17336.0 17092.0
77 0.0 0.0 0.0 0.0 49969.0 16568.0 16701.0 16700.0
78 0.0 0.0 0.0 0.0 48369.0 16114.0 16256.0 15999.0
79 2.0 0.0 2.0 0.0 47705.0 16261.0 15638.0 15806.0
80 1.0 0.0 1.0 0.0 47231.0 15795.0 16021.0 15415.0
81 2.0 0.0 2.0 0.0 45518.0 15456.0 15259.0 14803.0
82 0.0 0.0 0.0 0.0 44874.0 15270.0 14878.0 14726.0
83 0.0 0.0 0.0 0.0 44357.0 14993.0 14771.0 14593.0
84 0.0 0.0 0.0 0.0 43205.0 14642.0 14436.0 14127.0
85 1.0 0.0 1.0 0.0 42970.0 14460.0 14334.0 14176.0
86 1.0 0.0 1.0 0.0 42930.0 14326.0 14488.0 14116.0
87 1.0 0.0 1.0 0.0 42039.0 14017.0 14060.0 13962.0
88 0.0 0.0 0.0 0.0 40583.0 13696.0 13708.0 13179.0
89 0.0 0.0 0.0 0.0 39844.0 13441.0 13396.0 13007.0
90 0.0 0.0 0.0 0.0 39883.0 13390.0 13300.0 13193.0
91 0.0 0.0 0.0 0.0 39263.0 13473.0 12906.0 12884.0
92 0.0 0.0 0.0 0.0 38423.0 13159.0 12708.0 12556.0
93 0.0 0.0 0.0 0.0 37437.0 12634.0 12500.0 12303.0
94 0.0 0.0 0.0 0.0 36883.0 12380.0 12087.0 12416.0
95 0.0 0.0 0.0 0.0 35837.0 12016.0 12024.0 11797.0
96 0.0 0.0 0.0 0.0 35583.0 11888.0 11846.0 11849.0
97 0.0 0.0 0.0 0.0 35514.0 11753.0 11902.0 11859.0
98 0.0 0.0 0.0 0.0 34795.0 11750.0 11720.0 11325.0
99 0.0 0.0 0.0 0.0 33932.0 11530.0 11267.0 11135.0
100 0.0 0.0 0.0 0.0 33210.0 11287.0 11036.0 10887.0
101 0.0 0.0 0.0 0.0 32350.0 11187.0 10935.0 10228.0
102 0.0 0.0 0.0 0.0 31190.0 10675.0 10595.0 9920.0
103 0.0 0.0 0.0 0.0 30643.0 10525.0 10459.0 9659.0
104 0.0 0.0 0.0 0.0 30478.0 10406.0 10224.0 9848.0
105 0.0 0.0 0.0 0.0 31067.0 10504.0 10331.0 10232.0
106 0.0 0.0 0.0 0.0 30855.0 10325.0 10413.0 10117.0
107 0.0 0.0 0.0 0.0 30642.0 10477.0 10093.0 10072.0
108 0.0 0.0 0.0 0.0 29616.0 10030.0 9888.0 9698.0
109 0.0 0.0 0.0 0.0 29734.0 9924.0 10065.0 9745.0
110 0.0 0.0 0.0 0.0 29520.0 9843.0 9961.0 9716.0
111 0.0 0.0 0.0 0.0 28448.0 9492.0 9598.0 9358.0
112 0.0 0.0 0.0 0.0 28348.0 9638.0 9616.0 9094.0
113 0.0 0.0 0.0 0.0 28358.0 9670.0 9441.0 9247.0
114 0.0 0.0 0.0 0.0 27308.0 9429.0 9001.0 8878.0
115 0.0 0.0 0.0 0.0 27036.0 9265.0 8803.0 8968.0
116 0.0 0.0 0.0 0.0 27109.0 9275.0 9027.0 8807.0
117 0.0 0.0 0.0 0.0 26653.0 9131.0 9029.0 8493.0
118 0.0 0.0 0.0 0.0 26061.0 8975.0 8418.0 8668.0
119 0.0 0.0 0.0 0.0 25344.0 8598.0 8200.0 8546.0
120 0.0 0.0 0.0 0.0 24874.0 8623.0 8176.0 8075.0
121 0.0 0.0 0.0 0.0 24466.0 8454.0 8082.0 7930.0
122 0.0 0.0 0.0 0.0 24150.0 8518.0 7975.0 7657.0
123 0.0 0.0 0.0 0.0 23688.0 8118.0 8072.0 7498.0
124 0.0 0.0 0.0 0.0 23555.0 7871.0 7985.0 7699.0
125 0.0 0.0 0.0 0.0 22981.0 7813.0 7694.0 7474.0
126 0.0 0.0 0.0 0.0 23164.0 7684.0 7861.0 7619.0
127 0.0 0.0 0.0 0.0 22106.0 7406.0 7496.0 7204.0
128 0.0 0.0 0.0 0.0 21732.0 7434.0 7325.0 6973.0
129 0.0 0.0 0.0 0.0 21232.0 7374.0 6993.0 6865.0
130 0.0 0.0 0.0 0.0 21250.0 7460.0 7073.0 6717.0
131 0.0 0.0 0.0 0.0 21303.0 7287.0 7194.0 6822.0
132 0.0 0.0 0.0 0.0 20595.0 7158.0 6920.0 6517.0
133 0.0 0.0 0.0 0.0 20631.0 6946.0 6964.0 6721.0
134 0.0 0.0 0.0 0.0 20301.0 6854.0 6742.0 6705.0
135 0.0 0.0 0.0 0.0 19586.0 6546.0 6760.0 6280.0
136 0.0 0.0 0.0 0.0 19360.0 6468.0 6618.0 6274.0
137 0.0 0.0 0.0 0.0 19164.0 6493.0 6491.0 6180.0
138 0.0 0.0 0.0 0.0 18824.0 6395.0 6570.0 5859.0
139 0.0 0.0 0.0 0.0 18615.0 6378.0 6512.0 5725.0
140 0.0 0.0 0.0 0.0 17999.0 6179.0 6241.0 5579.0
141 0.0 0.0 0.0 0.0 17912.0 6093.0 6211.0 5608.0
142 0.0 0.0 0.0 0.0 17494.0 5997.0 5973.0 5524.0
143 0.0 0.0 0.0 0.0 17177.0 5878.0 5906.0 5393.0
144 0.0 0.0 0.0 0.0 16333.0 5512.0 5705.0 5116.0
145 0.0 0.0 0.0 0.0 16337.0 5708.0 5601.0 5028.0
146 0.0 0.0 0.0 0.0 15707.0 5463.0 5400.0 4844.0
147 0.0 0.0 0.0 0.0 15544.0 5574.0 5150.0 4820.0
148 0.0 0.0 0.0 0.0 15276.0 5315.0 5025.0 4936.0
149 0.0 0.0 0.0 0.0 15408.0 5385.0 5053.0 4970.0
150 0.0 0.0 0.0 0.0 15274.0 5034.0 5185.0 5055.0
151 0.0 0.0 0.0 0.0 14995.0 4978.0 4992.0 5025.0
152 0.0 0.0 0.0 0.0 14746.0 4900.0 4986.0 4860.0
153 0.0 0.0 0.0 0.0 14524.0 4997.0 4785.0 4742.0
154 0.0 0.0 0.0 0.0 14140.0 4890.0 4588.0 4662.0
155 0.0 0.0 0.0 0.0 14252.0 4870.0 4739.0 4643.0
156 0.0 0.0 0.0 0.0 13740.0 4806.0 4614.0 4320.0
157 0.0 0.0 0.0 0.0 13653.0 4889.0 4499.0 4265.0
158 0.0 0.0 0.0 0.0 13464.0 4669.0 4395.0 4400.0
159 0.0 0.0 0.0 0.0 13040.0 4745.0 4223.0 4072.0
160 0.0 0.0 0.0 0.0 13003.0 4581.0 4391.0 4031.0
161 0.0 0.0 0.0 0.0 12526.0 4401.0 4216.0 3909.0
162 0.0 0.0 0.0 0.0 12210.0 4344.0 4073.0 3793.0
163 0.0 0.0 0.0 0.0 12159.0 4324.0 4101.0 3734.0
164 0.0 0.0 0.0 0.0 11783.0 4062.0 4001.0 3720.0
165 0.0 0.0 0.0 0.0 12119.0 4299.0 4148.0 3672.0
166 0.0 0.0 0.0 0.0 11951.0 4163.0 4050.0 3738.0
167 0.0 0.0 0.0 0.0 11633.0 4032.0 4043.0 3558.0
168 0.0 0.0 0.0 0.0 11522.0 3969.0 3887.0 3666.0
169 0.0 0.0 0.0 0.0 11364.0 4028.0 3832.0 3504.0
170 0.0 0.0 0.0 0.0 11295.0 3909.0 3913.0 3473.0
171 0.0 0.0 0.0 0.0 11116.0 3791.0 3814.0 3511.0
172 0.0 0.0 0.0 0.0 10740.0 3715.0 3649.0 3376.0
173 0.0 0.0 0.0 0.0 10668.0 3595.0 3561.0 3512.0
174 0.0 0.0 0.0 0.0 10845.0 3648.0 3539.0 3658.0
175 0.0 0.0 0.0 0.0 10462.0 3427.0 3635.0 3400.0
176 0.0 0.0 0.0 0.0 10131.0 3491.0 3333.0 3307.0
177 0.0 0.0 0.0 0.0 9951.0 3457.0 3290.0 3204.0
178 0.0 0.0 0.0 0.0 9681.0 3344.0 3120.0 3217.0
179 0.0 0.0 0.0 0.0 9850.0 3350.0 3265.0 3235.0
180 0.0 0.0 0.0 0.0 10265.0 3537.0 3378.0 3350.0
181 0.0 0.0 0.0 0.0 9714.0 3368.0 3244.0 3102.0
182 0.0 0.0 0.0 0.0 9818.0 3307.0 3326.0 3185.0
183 0.0 0.0 0.0 0.0 9622.0 3324.0 3156.0 3142.0
184 0.0 0.0 0.0 0.0 9491.0 3255.0 3077.0 3159.0
185 0.0 0.0 0.0 0.0 8955.0 3024.0 2895.0 3036.0
186 0.0 0.0 0.0 0.0 8944.0 3155.0 2857.0 2932.0
187 0.0 0.0 0.0 0.0 8781.0 3013.0 2895.0 2873.0
188 0.0 0.0 0.0 0.0 8835.0 2950.0 2986.0 2899.0
189 0.0 0.0 0.0 0.0 8579.0 2826.0 2879.0 2874.0
190 0.0 0.0 0.0 0.0 8425.0 2857.0 2793.0 2775.0
191 0.0 0.0 0.0 0.0 8294.0 2809.0 2722.0 2763.0
192 0.0 0.0 0.0 0.0 8221.0 2738.0 2804.0 2679.0
193 0.0 0.0 0.0 0.0 8023.0 2768.0 2733.0 2522.0
194 0.0 0.0 0.0 0.0 8082.0 2811.0 2658.0 2613.0
195 0.0 0.0 0.0 0.0 7853.0 2618.0 2647.0 2588.0
196 0.0 0.0 0.0 0.0 7673.0 2620.0 2521.0 2532.0
197 0.0 0.0 0.0 0.0 7581.0 2586.0 2467.0 2528.0
198 0.0 0.0 0.0 0.0 7545.0 2552.0 2626.0 2367.0
199 0.0 0.0 0.0 0.0 7540.0 2565.0 2608.0 2367.0
200 0.0 0.0 0.0 0.0 7365.0 2558.0 2457.0 2350.0
201 0.0 0.0 0.0 0.0 7353.0 2604.0 2355.0 2394.0
202 0.0 0.0 0.0 0.0 7029.0 2488.0 2284.0 2257.0
203 0.0 0.0 0.0 0.0 7038.0 2541.0 2368.0 2129.0
204 0.0 0.0 0.0 0.0 6871.0 2346.0 2298.0 2227.0
205 0.0 0.0 0.0 0.0 6946.0 2454.0 2215.0 2277.0
206 0.0 0.0 0.0 0.0 6603.0 2317.0 2034.0 2252.0
207 0.0 0.0 0.0 0.0 6450.0 2246.0 1953.0 2251.0
208 0.0 0.0 0.0 0.0 6516.0 2268.0 1998.0 2250.0
209 0.0 0.0 0.0 0.0 6027.0 2055.0 1960.0 2012.0
210 0.0 0.0 0.0 0.0 6069.0 2039.0 2027.0 2003.0
211 0.0 0.0 0.0 0.0 6064.0 2083.0 1999.0 1982.0
212 0.0 0.0 0.0 0.0 6105.0 2164.0 1857.0 2084.0
213 0.0 0.0 0.0 0.0 5816.0 2044.0 1845.0 1927.0
214 0.0 0.0 0.0 0.0 5583.0 1876.0 1873.0 1834.0
215 0.0 0.0 0.0 0.0 5466.0 1828.0 1779.0 1859.0
216 0.0 0.0 0.0 0.0 5297.0 1760.0 1767.0 1770.0
217 0.0 0.0 0.0 0.0 5430.0 1878.0 1792.0 1760.0
218 0.0 0.0 0.0 0.0 5061.0 1861.0 1616.0 1584.0
219 0.0 0.0 0.0 0.0 4985.0 1818.0 1592.0 1575.0
220 0.0 0.0 0.0 0.0 4843.0 1694.0 1542.0 1607.0
221 0.0 0.0 0.0 0.0 4923.0 1632.0 1665.0 1626.0
222 0.0 0.0 0.0 0.0 4918.0 1605.0 1695.0 1618.0
223 0.0 0.0 0.0 0.0 4824.0 1584.0 1592.0 1648.0
224 0.0 0.0 0.0 0.0 4852.0 1562.0 1642.0 1648.0
225 0.0 0.0 0.0 0.0 4738.0 1590.0 1679.0 1469.0
226 0.0 0.0 0.0 0.0 4486.0 1489.0 1569.0 1428.0
227 0.0 0.0 0.0 0.0 4387.0 1445.0 1573.0 1369.0
228 0.0 0.0 0.0 0.0 4378.0 1437.0 1529.0 1412.0
229 0.0 0.0 0.0 0.0 4373.0 1486.0 1480.0 1407.0
230 0.0 0.0 0.0 0.0 4242.0 1420.0 1468.0 1354.0
231 0.0 0.0 0.0 0.0 4145.0 1403.0 1408.0 1334.0
232 0.0 0.0 0.0 0.0 4218.0 1408.0 1374.0 1436.0
233 0.0 0.0 0.0 0.0 4185.0 1391.0 1317.0 1477.0
234 0.0 0.0 0.0 0.0 4061.0 1400.0 1345.0 1316.0
235 0.0 0.0 0.0 0.0 3941.0 1367.0 1360.0 1214.0
236 0.0 0.0 0.0 0.0 3856.0 1361.0 1342.0 1153.0
237 0.0 0.0 0.0 0.0 3904.0 1378.0 1355.0 1171.0
238 0.0 0.0 0.0 0.0 3710.0 1296.0 1241.0 1173.0
239 0.0 0.0 0.0 0.0 3576.0 1148.0 1366.0 1062.0
240 0.0 0.0 0.0 0.0 3719.0 1208.0 1370.0 1141.0
241 0.0 0.0 0.0 0.0 3748.0 1260.0 1348.0 1140.0
242 0.0 0.0 0.0 0.0 3701.0 1235.0 1252.0 1214.0
243 0.0 0.0 0.0 0.0 3477.0 1196.0 1183.0 1098.0
244 0.0 0.0 0.0 0.0 3310.0 1213.0 1017.0 1080.0
245 0.0 0.0 0.0 0.0 3356.0 1270.0 1104.0 982.0
246 0.0 0.0 0.0 0.0 3353.0 1149.0 1139.0 1065.0
247 0.0 0.0 0.0 0.0 3399.0 1149.0 1120.0 1130.0
248 0.0 0.0 0.0 0.0 3229.0 1087.0 1133.0 1009.0
249 0.0 0.0 0.0 0.0 3106.0 1095.0 1011.0 1000.0
250 0.0 0.0 0.0 0.0 3103.0 1137.0 1000.0 966.0
251 0.0 0.0 0.0 0.0 3102.0 1057.0 1047.0 998.0
252 0.0 0.0 0.0 0.0 3235.0 1154.0 1045.0 1036.0
253 0.0 0.0 0.0 0.0 3192.0 1113.0 1008.0 1071.0
254 0.0 0.0 0.0 0.0 3043.0 1087.0 1006.0 950.0
255 0.0 0.0 0.0 0.0 3063.0 1093.0 1013.0 957.0
256 0.0 0.0 0.0 0.0 2950.0 1020.0 1024.0 906.0
257 0.0 0.0 0.0 0.0 2844.0 964.0 925.0 955.0
258 0.0 0.0 0.0 0.0 2820.0 960.0 929.0 931.0
259 0.0 0.0 0.0 0.0 2862.0 1028.0 869.0 965.0
260 0.0 0.0 0.0 0.0 2696.0 960.0 874.0 862.0
261 0.0 0.0 0.0 0.0 2669.0 964.0 863.0 842.0
262 0.0 0.0 0.0 0.0 2533.0 892.0 829.0 812.0
263 0.0 0.0 0.0 0.0 2597.0 916.0 839.0 842.0
264 0.0 0.0 0.0 0.0 2515.0 888.0 844.0 783.0
265 0.0 0.0 0.0 0.0 2601.0 892.0 854.0 855.0
266 0.0 0.0 0.0 0.0 2539.0 852.0 863.0 824.0
267 0.0 0.0 0.0 0.0 2490.0 901.0 778.0 811.0
268 0.0 0.0 0.0 0.0 2457.0 912.0 792.0 753.0
269 0.0 0.0 0.0 0.0 2353.0 886.0 756.0 711.0
270 0.0 0.0 0.0 0.0 2289.0 867.0 721.0 701.0
271 0.0 0.0 0.0 0.0 2236.0 860.0 699.0 677.0
272 0.0 0.0 0.0 0.0 2265.0 811.0 754.0 700.0
273 0.0 0.0 0.0 0.0 2213.0 737.0 728.0 748.0
274 0.0 0.0 0.0 0.0 2181.0 692.0 802.0 687.0
275 0.0 0.0 0.0 0.0 2114.0 730.0 729.0 655.0
276 0.0 0.0 0.0 0.0 2090.0 694.0 691.0 705.0
277 0.0 0.0 0.0 0.0 1980.0 706.0 658.0 616.0
278 0.0 0.0 0.0 0.0 2039.0 651.0 717.0 671.0
279 0.0 0.0 0.0 0.0 2071.0 663.0 767.0 641.0
280 0.0 0.0 0.0 0.0 2016.0 667.0 707.0 642.0
281 0.0 0.0 0.0 0.0 1897.0 629.0 646.0 622.0
282 0.0 0.0 0.0 0.0 1840.0 593.0 627.0 620.0
283 0.0 0.0 0.0 0.0 1815.0 657.0 612.0 546.0
284 0.0 0.0 0.0 0.0 1834.0 653.0 651.0 530.0
285 0.0 0.0 0.0 0.0 1739.0 587.0 605.0 547.0
286 0.0 0.0 0.0 0.0 1675.0 568.0 580.0 527.0
287 0.0 0.0 0.0 0.0 1757.0 603.0 563.0 591.0
288 0.0 0.0 0.0 0.0 1784.0 611.0 564.0 609.0
289 0.0 0.0 0.0 0.0 1728.0 609.0 565.0 554.0
290 0.0 0.0 0.0 0.0 1739.0 645.0 525.0 569.0
291 0.0 0.0 0.0 0.0 1651.0 576.0 532.0 543.0
292 0.0 0.0 0.0 0.0 1612.0 534.0 570.0 508.0
293 0.0 0.0 0.0 0.0 1557.0 514.0 531.0 512.0
294 0.0 0.0 0.0 0.0 1619.0 529.0 556.0 534.0
295 0.0 0.0 0.0 0.0 1622.0 562.0 530.0 530.0
296 0.0 0.0 0.0 0.0 1717.0 554.0 589.0 574.0
297 0.0 0.0 0.0 0.0 1647.0 563.0 552.0 532.0
298 0.0 0.0 0.0 0.0 1404.0 478.0 474.0 452.0
299 0.0 0.0 0.0 0.0 1422.0 477.0 542.0 403.0
300 0.0 0.0 0.0 0.0 1420.0 471.0 477.0 472.0
301 0.0 0.0 0.0 0.0 1513.0 452.0 514.0 547.0
302 0.0 0.0 0.0 0.0 1487.0 403.0 468.0 616.0
303 0.0 0.0 0.0 0.0 1402.0 405.0 433.0 564.0
304 0.0 0.0 0.0 0.0 1355.0 396.0 477.0 482.0
305 0.0 0.0 0.0 0.0 1430.0 424.0 460.0 546.0
306 0.0 0.0 0.0 0.0 1428.0 431.0 482.0 515.0
307 0.0 0.0 0.0 0.0 1416.0 470.0 445.0 501.0
308 0.0 0.0 0.0 0.0 1321.0 420.0 441.0 460.0
309 0.0 0.0 0.0 0.0 1267.0 467.0 414.0 386.0
310 0.0 0.0 0.0 0.0 1155.0 370.0 416.0 369.0
311 0.0 0.0 0.0 0.0 1212.0 399.0 398.0 415.0
312 0.0 0.0 0.0 0.0 1153.0 355.0 418.0 380.0
313 0.0 0.0 0.0 0.0 1142.0 375.0 412.0 355.0
314 0.0 0.0 0.0 0.0 1068.0 352.0 381.0 335.0
315 0.0 0.0 0.0 0.0 1060.0 345.0 388.0 327.0
316 0.0 0.0 0.0 0.0 1027.0 339.0 390.0 298.0
317 0.0 0.0 0.0 0.0 1015.0 338.0 338.0 339.0
318 0.0 0.0 0.0 0.0 876.0 274.0 321.0 281.0
319 0.0 0.0 0.0 0.0 889.0 274.0 296.0 319.0
320 0.0 0.0 0.0 0.0 1054.0 356.0 330.0 368.0
321 0.0 0.0 0.0 0.0 964.0 329.0 351.0 284.0
322 0.0 0.0 0.0 0.0 995.0 293.0 396.0 306.0
323 0.0 0.0 0.0 0.0 914.0 298.0 328.0 288.0
324 0.0 0.0 0.0 0.0 914.0 290.0 285.0 339.0
325 0.0 0.0 0.0 0.0 845.0 330.0 248.0 267.0
326 0.0 0.0 0.0 0.0 883.0 349.0 295.0 239.0
327 0.0 0.0 0.0 0.0 941.0 340.0 350.0 251.0
328 0.0 0.0 0.0 0.0 934.0 328.0 369.0 237.0
329 0.0 0.0 0.0 0.0 937.0 327.0 319.0 291.0
330 0.0 0.0 0.0 0.0 902.0 271.0 341.0 290.0
331 0.0 0.0 0.0 0.0 908.0 295.0 343.0 270.0
332 0.0 0.0 0.0 0.0 817.0 259.0 315.0 243.0
333 0.0 0.0 0.0 0.0 800.0 259.0 284.0 257.0
334 0.0 0.0 0.0 0.0 811.0 267.0 272.0 272.0
335 0.0 0.0 0.0 0.0 822.0 251.0 276.0 295.0
336 0.0 0.0 0.0 0.0 729.0 261.0 260.0 208.0
337 0.0 0.0 0.0 0.0 729.0 219.0 269.0 241.0
338 0.0 0.0 0.0 0.0 682.0 271.0 235.0 176.0
339 0.0 0.0 0.0 0.0 733.0 269.0 263.0 201.0
340 0.0 0.0 0.0 0.0 788.0 318.0 268.0 202.0
341 0.0 0.0 0.0 0.0 740.0 272.0 242.0 226.0
342 0.0 0.0 0.0 0.0 737.0 290.0 219.0 228.0
343 0.0 0.0 0.0 0.0 676.0 278.0 192.0 206.0
344 0.0 0.0 0.0 0.0 687.0 251.0 248.0 188.0
345 0.0 0.0 0.0 0.0 718.0 243.0 277.0 198.0
346 0.0 0.0 0.0 0.0 708.0 230.0 289.0 189.0
347 0.0 0.0 0.0 0.0 626.0 223.0 241.0 162.0
348 0.0 0.0 0.0 0.0 561.0 211.0 193.0 157.0
349 0.0 0.0 0.0 0.0 541.0 200.0 169.0 172.0
350 0.0 0.0 0.0 0.0 609.0 206.0 221.0 182.0
351 0.0 0.0 0.0 0.0 546.0 180.0 197.0 169.0
352 0.0 0.0 0.0 0.0 544.0 216.0 180.0 148.0
353 0.0 0.0 0.0 0.0 530.0 179.0 201.0 150.0
354 0.0 0.0 0.0 0.0 499.0 185.0 177.0 137.0
355 0.0 0.0 0.0 0.0 485.0 173.0 174.0 138.0
356 0.0 0.0 0.0 0.0 495.0 172.0 180.0 143.0
357 0.0 0.0 0.0 0.0 531.0 192.0 184.0 155.0
358 0.0 0.0 0.0 0.0 541.0 181.0 199.0 161.0
359 0.0 0.0 0.0 0.0 553.0 188.0 222.0 143.0
360 0.0 0.0 0.0 0.0 522.0 189.0 201.0 132.0
361 0.0 0.0 0.0 0.0 495.0 183.0 186.0 126.0
362 0.0 0.0 0.0 0.0 561.0 207.0 196.0 158.0
363 0.0 0.0 0.0 0.0 525.0 163.0 226.0 136.0
364 0.0 0.0 0.0 0.0 456.0 164.0 188.0 104.0
365 0.0 0.0 0.0 0.0 449.0 174.0 146.0 129.0
366 0.0 0.0 0.0 0.0 490.0 159.0 167.0 164.0
367 0.0 0.0 0.0 0.0 500.0 143.0 197.0 160.0
368 0.0 0.0 0.0 0.0 400.0 135.0 145.0 120.0
369 0.0 0.0 0.0 0.0 399.0 144.0 153.0 102.0
370 0.0 0.0 0.0 0.0 399.0 143.0 164.0 92.0
371 0.0 0.0 0.0 0.0 374.0 114.0 145.0 115.0
372 0.0 0.0 0.0 0.0 363.0 96.0 132.0 135.0
373 0.0 0.0 0.0 0.0 393.0 116.0 124.0 153.0
374 0.0 0.0 0.0 0.0 373.0 121.0 133.0 119.0
375 0.0 0.0 0.0 0.0 350.0 116.0 112.0 122.0
376 0.0 0.0 0.0 0.0 360.0 104.0 134.0 122.0
377 0.0 0.0 0.0 0.0 375.0 128.0 141.0 106.0
378 0.0 0.0 0.0 0.0 369.0 121.0 129.0 119.0
379 0.0 0.0 0.0 0.0 355.0 101.0 126.0 128.0
380 0.0 0.0 0.0 0.0 361.0 123.0 131.0 107.0
381 0.0 0.0 0.0 0.0 430.0 163.0 152.0 115.0
382 0.0 0.0 0.0 0.0 390.0 145.0 160.0 85.0
383 0.0 0.0 0.0 0.0 366.0 135.0 131.0 100.0
384 0.0 0.0 0.0 0.0 402.0 138.0 129.0 135.0
385 0.0 0.0 0.0 0.0 458.0 174.0 147.0 137.0
386 0.0 0.0 0.0 0.0 436.0 167.0 146.0 123.0
387 0.0 0.0 0.0 0.0 422.0 146.0 147.0 129.0
388 0.0 0.0 0.0 0.0 428.0 146.0 149.0 133.0
389 0.0 0.0 0.0 0.0 307.0 110.0 111.0 86.0
390 0.0 0.0 0.0 0.0 327.0 128.0 116.0 83.0
391 0.0 0.0 0.0 0.0 291.0 113.0 87.0 91.0
392 0.0 0.0 0.0 0.0 262.0 108.0 90.0 64.0
393 0.0 0.0 0.0 0.0 285.0 109.0 91.0 85.0
394 0.0 0.0 0.0 0.0 271.0 103.0 81.0 87.0
395 0.0 0.0 0.0 0.0 288.0 94.0 108.0 86.0
396 0.0 0.0 0.0 0.0 316.0 89.0 112.0 115.0
397 0.0 0.0 0.0 0.0 288.0 103.0 111.0 74.0
398 0.0 0.0 0.0 0.0 285.0 76.0 118.0 91.0
399 0.0 0.0 0.0 0.0 296.0 81.0 122.0 93.0
400 0.0 0.0 0.0 0.0 269.0 81.0 108.0 80.0
401 0.0 0.0 0.0 0.0 274.0 69.0 123.0 82.0
402 0.0 0.0 0.0 0.0 289.0 103.0 90.0 96.0
403 0.0 0.0 0.0 0.0 275.0 89.0 90.0 96.0
404 0.0 0.0 0.0 0.0 274.0 91.0 99.0 84.0
405 0.0 0.0 0.0 0.0 288.0 95.0 93.0 100.0
406 0.0 0.0 0.0 0.0 266.0 83.0 93.0 90.0
407 0.0 0.0 0.0 0.0 237.0 68.0 108.0 61.0
408 0.0 0.0 0.0 0.0 279.0 99.0 116.0 64.0
409 0.0 0.0 0.0 0.0 286.0 91.0 96.0 99.0
410 0.0 0.0 0.0 0.0 250.0 94.0 81.0 75.0
411 0.0 0.0 0.0 0.0 177.0 70.0 58.0 49.0
412 0.0 0.0 0.0 0.0 176.0 63.0 56.0 57.0
413 0.0 0.0 0.0 0.0 164.0 65.0 60.0 39.0
414 0.0 0.0 0.0 0.0 207.0 88.0 75.0 44.0
415 0.0 0.0 0.0 0.0 207.0 54.0 106.0 47.0
416 0.0 0.0 0.0 0.0 168.0 65.0 51.0 52.0
417 0.0 0.0 0.0 0.0 170.0 47.0 68.0 55.0
418 0.0 0.0 0.0 0.0 158.0 49.0 74.0 35.0
419 0.0 0.0 0.0 0.0 153.0 52.0 60.0 41.0
420 0.0 0.0 0.0 0.0 170.0 47.0 59.0 64.0
421 0.0 0.0 0.0 0.0 197.0 49.0 91.0 57.0
422 0.0 0.0 0.0 0.0 207.0 70.0 71.0 66.0
423 0.0 0.0 0.0 0.0 169.0 41.0 72.0 56.0
424 0.0 0.0 0.0 0.0 158.0 46.0 73.0 39.0
425 0.0 0.0 0.0 0.0 170.0 43.0 73.0 54.0
426 0.0 0.0 0.0 0.0 183.0 65.0 70.0 48.0
427 0.0 0.0 0.0 0.0 181.0 53.0 81.0 47.0
428 0.0 0.0 0.0 0.0 165.0 49.0 67.0 49.0
429 0.0 0.0 0.0 0.0 149.0 48.0 51.0 50.0
430 0.0 0.0 0.0 0.0 143.0 36.0 62.0 45.0
431 0.0 0.0 0.0 0.0 137.0 37.0 58.0 42.0
432 0.0 0.0 0.0 0.0 132.0 38.0 47.0 47.0
433 0.0 0.0 0.0 0.0 121.0 43.0 44.0 34.0
434 0.0 0.0 0.0 0.0 126.0 50.0 47.0 29.0
435 0.0 0.0 0.0 0.0 153.0 42.0 64.0 47.0
436 0.0 0.0 0.0 0.0 164.0 52.0 62.0 50.0
437 0.0 0.0 0.0 0.0 157.0 53.0 61.0 43.0
438 0.0 0.0 0.0 0.0 132.0 47.0 47.0 38.0
439 0.0 0.0 0.0 0.0 117.0 49.0 38.0 30.0
440 0.0 0.0 0.0 0.0 124.0 47.0 37.0 40.0
441 0.0 0.0 0.0 0.0 150.0 57.0 47.0 46.0
442 0.0 0.0 0.0 0.0 131.0 52.0 38.0 41.0
443 0.0 0.0 0.0 0.0 136.0 50.0 49.0 37.0
444 0.0 0.0 0.0 0.0 104.0 38.0 29.0 37.0
445 0.0 0.0 0.0 0.0 110.0 39.0 29.0 42.0
446 0.0 0.0 0.0 0.0 128.0 59.0 30.0 39.0
447 0.0 0.0 0.0 0.0 117.0 41.0 32.0 44.0
448 0.0 0.0 0.0 0.0 82.0 29.0 30.0 23.0
449 0.0 0.0 0.0 0.0 92.0 32.0 33.0 27.0
450 0.0 0.0 0.0 0.0 103.0 38.0 27.0 38.0
451 0.0 0.0 0.0 0.0 88.0 34.0 16.0 38.0
452 0.0 0.0 0.0 0.0 105.0 37.0 23.0 45.0
453 0.0 0.0 0.0 0.0 106.0 27.0 34.0 45.0
454 0.0 0.0 0.0 0.0 101.0 31.0 49.0 21.0
455 0.0 0.0 0.0 0.0 153.0 45.0 61.0 47.0
456 0.0 0.0 0.0 0.0 106.0 31.0 38.0 37.0
457 0.0 0.0 0.0 0.0 92.0 35.0 29.0 28.0
458 0.0 0.0 0.0 0.0 75.0 25.0 28.0 22.0
459 0.0 0.0 0.0 0.0 91.0 30.0 38.0 23.0
460 0.0 0.0 0.0 0.0 93.0 28.0 34.0 31.0
461 0.0 0.0 0.0 0.0 100.0 30.0 32.0 38.0
462 0.0 0.0 0.0 0.0 109.0 46.0 36.0 27.0
463 0.0 0.0 0.0 0.0 97.0 30.0 39.0 28.0
464 0.0 0.0 0.0 0.0 82.0 28.0 28.0 26.0
465 0.0 0.0 0.0 0.0 85.0 32.0 31.0 22.0
466 0.0 0.0 0.0 0.0 84.0 27.0 27.0 30.0
467 0.0 0.0 0.0 0.0 67.0 18.0 26.0 23.0
468 0.0 0.0 0.0 0.0 78.0 20.0 29.0 29.0
469 0.0 0.0 0.0 0.0 75.0 27.0 17.0 31.0
470 0.0 0.0 0.0 0.0 62.0 17.0 17.0 28.0
471 0.0 0.0 0.0 0.0 77.0 20.0 25.0 32.0
472 0.0 0.0 0.0 0.0 67.0 22.0 20.0 25.0
473 0.0 0.0 0.0 0.0 50.0 16.0 16.0 18.0
474 0.0 0.0 0.0 0.0 69.0 26.0 20.0 23.0
475 0.0 0.0 0.0 0.0 45.0 12.0 15.0 18.0
476 0.0 0.0 0.0 0.0 45.0 8.0 22.0 15.0
477 0.0 0.0 0.0 0.0 54.0 18.0 20.0 16.0
478 0.0 0.0 0.0 0.0 52.0 16.0 17.0 19.0
479 0.0 0.0 0.0 0.0 62.0 20.0 22.0 20.0
480 0.0 0.0 0.0 0.0 46.0 21.0 12.0 13.0
481 0.0 0.0 0.0 0.0 61.0 21.0 24.0 16.0
482 0.0 0.0 0.0 0.0 67.0 14.0 24.0 29.0
483 0.0 0.0 0.0 0.0 71.0 25.0 22.0 24.0
484 0.0 0.0 0.0 0.0 55.0 19.0 21.0 15.0
485 0.0 0.0 0.0 0.0 60.0 22.0 22.0 16.0
486 0.0 0.0 0.0 0.0 48.0 27.0 10.0 11.0
487 0.0 0.0 0.0 0.0 55.0 24.0 18.0 13.0
488 0.0 0.0 0.0 0.0 49.0 16.0 23.0 10.0
489 0.0 0.0 0.0 0.0 35.0 14.0 12.0 9.0
490 0.0 0.0 0.0 0.0 31.0 12.0 8.0 11.0
491 0.0 0.0 0.0 0.0 31.0 7.0 9.0 15.0
492 0.0 0.0 0.0 0.0 35.0 9.0 13.0 13.0
493 0.0 0.0 0.0 0.0 51.0 20.0 11.0 20.0
494 0.0 0.0 0.0 0.0 44.0 18.0 12.0 14.0
495 0.0 0.0 0.0 0.0 59.0 22.0 22.0 15.0
496 0.0 0.0 0.0 0.0 60.0 18.0 25.0 17.0
497 0.0 0.0 0.0 0.0 52.0 22.0 15.0 15.0
498 0.0 0.0 0.0 0.0 32.0 7.0 13.0 12.0
499 0.0 0.0 0.0 0.0 52.0 18.0 21.0 13.0
500 0.0 0.0 0.0 0.0 48.0 7.0 25.0 16.0
501 0.0 0.0 0.0 0.0 51.0 16.0 15.0 20.0
502 0.0 0.0 0.0 0.0 46.0 15.0 19.0 12.0
503 0.0 0.0 0.0 0.0 27.0 13.0 10.0 4.0
504 0.0 0.0 0.0 0.0 36.0 8.0 18.0 10.0
505 0.0 0.0 0.0 0.0 21.0 7.0 8.0 6.0
506 0.0 0.0 0.0 0.0 24.0 8.0 7.0 9.0
507 0.0 0.0 0.0 0.0 17.0 9.0 6.0 2.0
508 0.0 0.0 0.0 0.0 23.0 7.0 5.0 11.0
509 0.0 0.0 0.0 0.0 27.0 9.0 13.0 5.0
510 0.0 0.0 0.0 0.0 24.0 8.0 4.0 12.0
511 0.0 0.0 0.0 0.0 24.0 9.0 9.0 6.0
512 0.0 0.0 0.0 0.0 34.0 17.0 4.0 13.0
513 0.0 0.0 0.0 0.0 46.0 17.0 17.0 12.0
514 0.0 0.0 0.0 0.0 39.0 18.0 11.0 10.0
515 0.0 0.0 0.0 0.0 38.0 13.0 10.0 15.0
516 0.0 0.0 0.0 0.0 28.0 8.0 11.0 9.0
517 0.0 0.0 0.0 0.0 37.0 5.0 14.0 18.0
518 0.0 0.0 0.0 0.0 29.0 10.0 4.0 15.0
519 0.0 0.0 0.0 0.0 39.0 12.0 13.0 14.0
520 0.0 0.0 0.0 0.0 36.0 4.0 16.0 16.0
521 0.0 0.0 0.0 0.0 20.0 6.0 4.0 10.0
522 0.0 0.0 0.0 0.0 27.0 13.0 5.0 9.0
523 0.0 0.0 0.0 0.0 34.0 15.0 8.0 11.0
524 0.0 0.0 0.0 0.0 46.0 30.0 7.0 9.0
525 0.0 0.0 0.0 0.0 31.0 16.0 7.0 8.0
526 0.0 0.0 0.0 0.0 23.0 13.0 3.0 7.0
527 0.0 0.0 0.0 0.0 38.0 13.0 11.0 14.0
528 0.0 0.0 0.0 0.0 34.0 13.0 9.0 12.0
529 0.0 0.0 0.0 0.0 35.0 10.0 16.0 9.0
530 0.0 0.0 0.0 0.0 37.0 17.0 12.0 8.0
531 0.0 0.0 0.0 0.0 32.0 8.0 12.0 12.0
532 0.0 0.0 0.0 0.0 26.0 7.0 11.0 8.0
533 0.0 0.0 0.0 0.0 32.0 12.0 14.0 6.0
534 0.0 0.0 0.0 0.0 33.0 9.0 14.0 10.0
535 0.0 0.0 0.0 0.0 34.0 15.0 10.0 9.0
536 0.0 0.0 0.0 0.0 46.0 22.0 11.0 13.0
537 0.0 0.0 0.0 0.0 47.0 18.0 19.0 10.0
538 0.0 0.0 0.0 0.0 30.0 9.0 10.0 11.0
539 0.0 0.0 0.0 0.0 32.0 12.0 9.0 11.0
540 0.0 0.0 0.0 0.0 16.0 9.0 4.0 3.0
541 0.0 0.0 0.0 0.0 27.0 9.0 10.0 8.0
542 0.0 0.0 0.0 0.0 14.0 3.0 2.0 9.0
543 0.0 0.0 0.0 0.0 26.0 3.0 13.0 10.0
544 0.0 0.0 0.0 0.0 24.0 13.0 8.0 3.0
545 0.0 0.0 0.0 0.0 16.0 9.0 6.0 1.0
546 0.0 0.0 0.0 0.0 25.0 13.0 6.0 6.0
547 0.0 0.0 0.0 0.0 15.0 11.0 1.0 3.0
548 0.0 0.0 0.0 0.0 13.0 8.0 2.0 3.0
549 0.0 0.0 0.0 0.0 11.0 7.0 2.0 2.0
550 0.0 0.0 0.0 0.0 20.0 4.0 10.0 6.0
551 0.0 0.0 0.0 0.0 17.0 2.0 5.0 10.0
552 0.0 0.0 0.0 0.0 14.0 5.0 5.0 4.0
553 0.0 0.0 0.0 0.0 13.0 3.0 2.0 8.0
554 0.0 0.0 0.0 0.0 13.0 1.0 5.0 7.0
555 0.0 0.0 0.0 0.0 17.0 4.0 5.0 8.0
556 0.0 0.0 0.0 0.0 14.0 6.0 6.0 2.0
557 0.0 0.0 0.0 0.0 23.0 10.0 6.0 7.0
558 0.0 0.0 0.0 0.0 25.0 15.0 4.0 6.0
559 0.0 0.0 0.0 0.0 17.0 6.0 7.0 4.0
560 0.0 0.0 0.0 0.0 12.0 6.0 6.0 0.0
561 0.0 0.0 0.0 0.0 17.0 7.0 2.0 8.0
562 0.0 0.0 0.0 0.0 23.0 11.0 8.0 4.0
563 0.0 0.0 0.0 0.0 9.0 6.0 1.0 2.0
564 0.0 0.0 0.0 0.0 16.0 6.0 4.0 6.0
565 0.0 0.0 0.0 0.0 17.0 5.0 8.0 4.0
566 0.0 0.0 0.0 0.0 11.0 5.0 4.0 2.0
567 0.0 0.0 0.0 0.0 11.0 8.0 1.0 2.0
568 0.0 0.0 0.0 0.0 13.0 4.0 6.0 3.0
569 0.0 0.0 0.0 0.0 10.0 4.0 4.0 2.0
570 0.0 0.0 0.0 0.0 11.0 3.0 2.0 6.0
571 0.0 0.0 0.0 0.0 13.0 7.0 2.0 4.0
572 0.0 0.0 0.0 0.0 14.0 2.0 7.0 5.0
573 0.0 0.0 0.0 0.0 14.0 2.0 2.0 10.0
574 0.0 0.0 0.0 0.0 13.0 3.0 2.0 8.0
575 0.0 0.0 0.0 0.0 5.0 0.0 2.0 3.0
576 0.0 0.0 0.0 0.0 8.0 1.0 7.0 0.0
577 0.0 0.0 0.0 0.0 5.0 2.0 0.0 3.0
578 0.0 0.0 0.0 0.0 13.0 2.0 9.0 2.0
579 0.0 0.0 0.0 0.0 14.0 8.0 4.0 2.0
580 0.0 0.0 0.0 0.0 7.0 4.0 3.0 0.0
581 0.0 0.0 0.0 0.0 8.0 7.0 1.0 0.0
582 0.0 0.0 0.0 0.0 4.0 1.0 3.0 0.0
583 0.0 0.0 0.0 0.0 2.0 0.0 1.0 1.0
584 0.0 0.0 0.0 0.0 12.0 3.0 5.0 4.0
585 0.0 0.0 0.0 0.0 5.0 4.0 0.0 1.0
586 0.0 0.0 0.0 0.0 7.0 5.0 0.0 2.0
587 0.0 0.0 0.0 0.0 7.0 5.0 0.0 2.0
588 0.0 0.0 0.0 0.0 5.0 4.0 0.0 1.0
589 0.0 0.0 0.0 0.0 6.0 3.0 1.0 2.0
590 0.0 0.0 0.0 0.0 8.0 6.0 1.0 1.0
591 0.0 0.0 0.0 0.0 12.0 3.0 2.0 7.0
592 0.0 0.0 0.0 0.0 11.0 7.0 1.0 3.0
593 0.0 0.0 0.0 0.0 5.0 1.0 2.0 2.0
594 0.0 0.0 0.0 0.0 3.0 0.0 2.0 1.0
595 0.0 0.0 0.0 0.0 4.0 3.0 1.0 0.0
596 0.0 0.0 0.0 0.0 5.0 1.0 2.0 2.0
597 0.0 0.0 0.0 0.0 1.0 0.0 1.0 0.0
598 0.0 0.0 0.0 0.0 4.0 2.0 2.0 0.0
599 0.0 0.0 0.0 0.0 10.0 5.0 5.0 0.0
600 0.0 0.0 0.0 0.0 1.0 0.0 1.0 0.0
601 0.0 0.0 0.0 0.0 2.0 2.0 0.0 0.0
602 0.0 0.0 0.0 0.0 9.0 5.0 4.0 0.0
603 0.0 0.0 0.0 0.0 11.0 7.0 3.0 1.0
604 0.0 0.0 0.0 0.0 9.0 2.0 3.0 4.0
605 0.0 0.0 0.0 0.0 4.0 1.0 2.0 1.0
606 0.0 0.0 0.0 0.0 4.0 2.0 1.0 1.0
607 0.0 0.0 0.0 0.0 1.0 0.0 0.0 1.0
608 0.0 0.0 0.0 0.0 7.0 2.0 4.0 1.0
609 0.0 0.0 0.0 0.0 1.0 1.0 0.0 0.0
610 0.0 0.0 0.0 0.0 2.0 1.0 1.0 0.0
611 0.0 0.0 0.0 0.0 3.0 0.0 2.0 1.0
612 0.0 0.0 0.0 0.0 5.0 1.0 3.0 1.0
613 0.0 0.0 0.0 0.0 3.0 2.0 1.0 0.0
614 0.0 0.0 0.0 0.0 2.0 0.0 1.0 1.0
615 0.0 0.0 0.0 0.0 1.0 0.0 0.0 1.0
616 0.0 0.0 0.0 0.0 1.0 0.0 0.0 1.0
617 0.0 0.0 0.0 0.0 1.0 0.0 0.0 1.0
618 0.0 0.0 0.0 0.0 0.0 0.0 0.0 0.0
619 0.0 0.0 0.0 0.0 2.0 1.0 0.0 1.0
620 0.0 0.0 0.0 0.0 2.0 0.0 0.0 2.0
621 0.0 0.0 0.0 0.0 5.0 0.0 0.0 5.0
622 0.0 0.0 0.0 0.0 4.0 1.0 1.0 2.0
623 0.0 0.0 0.0 0.0 4.0 3.0 1.0 0.0
624 0.0 0.0 0.0 0.0 8.0 4.0 2.0 2.0
625 0.0 0.0 0.0 0.0 70.0 4.0 2.0 64.0
626 0.0 0.0 0.0 0.0 151.0 99.0 52.0 0.0
