#/mnt/nas-sph/120_anisotropy_evolution/C0002120_SEG_SCALED.aim
#xdim 254
#ydim 254
#zdim 254
#el_size 0.02 mm
#ice_vol_frac 0.17441885868 
#mean_cl_ice 7.32193624908 mean_cl_ice_x 8.04933157226 mean_cl_ice_y 7.8374629133 mean_cl_ice_z 6.33306375134 mean_cl_pore 30.7376783243 mean_cl_pore_x 33.5507855221 mean_cl_pore_y 32.6828838753 mean_cl_pore_z 26.8835503608
#mean_cl_squared_ice 80.7838456343 mean_cl_squared_ice_x 100.363249007 mean_cl_squared_ice_y 93.7449888397 mean_cl_squared_ice_z 54.9058819098 	mean_cl_squared_pore 1855.89329356 mean_cl_squared_pore_x 2308.36917678 mean_cl_squared_pore_y 2026.28242777 mean_cl_squared_pore_z 1353.17887326
#i l_ice l_ice_x l_ice_y l_ice_z l_pore l_pore_x l_pore_y l_pore_z
0 0.0 0.0 0.0 0.0 0.0 0.0 0.0 0.0
1 36250.0 10428.0 11834.0 13988.0 18100.0 5441.0 5349.0 7310.0
2 62108.0 18037.0 19309.0 24762.0 29132.0 8007.0 8247.0 12878.0
3 93118.0 26238.0 27808.0 39072.0 36357.0 10401.0 10398.0 15558.0
4 132334.0 34842.0 36534.0 60958.0 39969.0 11789.0 11758.0 16422.0
5 163200.0 41556.0 43024.0 78620.0 42165.0 12502.0 12456.0 17207.0
6 158213.0 42118.0 44414.0 71681.0 41292.0 12196.0 12403.0 16693.0
7 124944.0 36350.0 38471.0 50123.0 40056.0 11518.0 12063.0 16475.0
8 89927.0 28318.0 29471.0 32138.0 38152.0 10903.0 11504.0 15745.0
9 66032.0 22473.0 22694.0 20865.0 36678.0 10384.0 10804.0 15490.0
10 49116.0 17525.0 17267.0 14324.0 34729.0 9962.0 10229.0 14538.0
11 37216.0 14131.0 12918.0 10167.0 32946.0 9426.0 9725.0 13795.0
12 28781.0 10943.0 10296.0 7542.0 31788.0 8919.0 9423.0 13446.0
13 22513.0 8614.0 8369.0 5530.0 31105.0 9082.0 8815.0 13208.0
14 18234.0 7044.0 6889.0 4301.0 29711.0 8710.0 8703.0 12298.0
15 14515.0 5715.0 5416.0 3384.0 28420.0 8342.0 8210.0 11868.0
16 11663.0 4759.0 4425.0 2479.0 28068.0 8322.0 8195.0 11551.0
17 9799.0 3872.0 3846.0 2081.0 26816.0 7934.0 7660.0 11222.0
18 8150.0 3155.0 3359.0 1636.0 25261.0 7397.0 7592.0 10272.0
19 6825.0 2671.0 2812.0 1342.0 24999.0 7346.0 7470.0 10183.0
20 5726.0 2349.0 2275.0 1102.0 24017.0 7067.0 7182.0 9768.0
21 4850.0 1891.0 1982.0 977.0 23419.0 6878.0 6995.0 9546.0
22 4134.0 1657.0 1642.0 835.0 22623.0 6587.0 6886.0 9150.0
23 3355.0 1380.0 1332.0 643.0 21680.0 6244.0 6894.0 8542.0
24 2792.0 1185.0 1137.0 470.0 20664.0 6157.0 6494.0 8013.0
25 2353.0 1076.0 945.0 332.0 19875.0 5840.0 6234.0 7801.0
26 1993.0 875.0 817.0 301.0 18844.0 5615.0 6037.0 7192.0
27 1768.0 775.0 673.0 320.0 18334.0 5437.0 5862.0 7035.0
28 1470.0 665.0 564.0 241.0 17762.0 5355.0 5593.0 6814.0
29 1265.0 594.0 494.0 177.0 16702.0 5114.0 5192.0 6396.0
30 1082.0 497.0 401.0 184.0 16181.0 5044.0 5117.0 6020.0
31 939.0 393.0 408.0 138.0 15738.0 4944.0 5044.0 5750.0
32 774.0 314.0 361.0 99.0 15565.0 4837.0 5025.0 5703.0
33 626.0 250.0 307.0 69.0 15187.0 4693.0 4886.0 5608.0
34 601.0 257.0 267.0 77.0 14833.0 4434.0 4719.0 5680.0
35 482.0 220.0 222.0 40.0 14486.0 4508.0 4702.0 5276.0
36 431.0 206.0 190.0 35.0 13776.0 4185.0 4511.0 5080.0
37 371.0 159.0 188.0 24.0 12765.0 3825.0 4179.0 4761.0
38 319.0 153.0 142.0 24.0 12747.0 3827.0 4213.0 4707.0
39 262.0 91.0 136.0 35.0 12169.0 3626.0 4040.0 4503.0
40 234.0 104.0 107.0 23.0 11701.0 3569.0 3746.0 4386.0
41 243.0 84.0 124.0 35.0 11805.0 3662.0 3710.0 4433.0
42 170.0 64.0 87.0 19.0 11342.0 3582.0 3510.0 4250.0
43 178.0 80.0 71.0 27.0 10892.0 3434.0 3372.0 4086.0
44 161.0 77.0 61.0 23.0 10535.0 3288.0 3509.0 3738.0
45 133.0 62.0 60.0 11.0 10320.0 3160.0 3323.0 3837.0
46 123.0 65.0 52.0 6.0 9724.0 3176.0 3029.0 3519.0
47 89.0 48.0 36.0 5.0 9340.0 2977.0 2957.0 3406.0
48 89.0 45.0 35.0 9.0 9538.0 2997.0 3059.0 3482.0
49 114.0 58.0 43.0 13.0 8640.0 2696.0 2960.0 2984.0
50 91.0 42.0 46.0 3.0 8401.0 2730.0 2914.0 2757.0
51 82.0 43.0 34.0 5.0 8023.0 2616.0 2819.0 2588.0
52 80.0 37.0 35.0 8.0 7754.0 2583.0 2630.0 2541.0
53 62.0 32.0 29.0 1.0 7616.0 2531.0 2598.0 2487.0
54 81.0 40.0 40.0 1.0 7383.0 2370.0 2519.0 2494.0
55 63.0 22.0 38.0 3.0 7399.0 2396.0 2517.0 2486.0
56 60.0 26.0 32.0 2.0 7210.0 2274.0 2484.0 2452.0
57 33.0 15.0 17.0 1.0 6872.0 2122.0 2449.0 2301.0
58 32.0 18.0 12.0 2.0 6534.0 2123.0 2221.0 2190.0
59 53.0 35.0 15.0 3.0 6085.0 2014.0 2055.0 2016.0
60 45.0 36.0 9.0 0.0 5951.0 1871.0 2021.0 2059.0
61 40.0 34.0 6.0 0.0 5907.0 1903.0 1997.0 2007.0
62 35.0 31.0 4.0 0.0 5827.0 1972.0 1900.0 1955.0
63 23.0 19.0 4.0 0.0 5435.0 1867.0 1831.0 1737.0
64 29.0 25.0 4.0 0.0 5309.0 1783.0 1808.0 1718.0
65 24.0 18.0 6.0 0.0 5175.0 1689.0 1845.0 1641.0
66 18.0 16.0 2.0 0.0 5001.0 1681.0 1781.0 1539.0
67 10.0 7.0 3.0 0.0 4668.0 1694.0 1661.0 1313.0
68 16.0 12.0 4.0 0.0 4572.0 1699.0 1636.0 1237.0
69 20.0 16.0 4.0 0.0 4305.0 1625.0 1491.0 1189.0
70 13.0 12.0 1.0 0.0 4242.0 1570.0 1406.0 1266.0
71 14.0 14.0 0.0 0.0 4146.0 1431.0 1335.0 1380.0
72 15.0 15.0 0.0 0.0 4036.0 1354.0 1310.0 1372.0
73 10.0 10.0 0.0 0.0 3781.0 1175.0 1327.0 1279.0
74 16.0 16.0 0.0 0.0 3699.0 1136.0 1308.0 1255.0
75 14.0 13.0 1.0 0.0 3663.0 1083.0 1298.0 1282.0
76 7.0 7.0 0.0 0.0 3314.0 1073.0 1173.0 1068.0
77 6.0 2.0 4.0 0.0 3122.0 1176.0 1072.0 874.0
78 7.0 2.0 5.0 0.0 2947.0 1064.0 1034.0 849.0
79 10.0 5.0 5.0 0.0 2910.0 1048.0 1051.0 811.0
80 4.0 0.0 4.0 0.0 2891.0 1016.0 1055.0 820.0
81 3.0 0.0 3.0 0.0 2944.0 953.0 1079.0 912.0
82 1.0 0.0 1.0 0.0 2855.0 917.0 1083.0 855.0
83 2.0 0.0 2.0 0.0 2627.0 930.0 957.0 740.0
84 0.0 0.0 0.0 0.0 2650.0 975.0 945.0 730.0
85 0.0 0.0 0.0 0.0 2674.0 927.0 989.0 758.0
86 1.0 1.0 0.0 0.0 2584.0 875.0 1023.0 686.0
87 3.0 3.0 0.0 0.0 2329.0 697.0 981.0 651.0
88 0.0 0.0 0.0 0.0 2339.0 742.0 938.0 659.0
89 1.0 0.0 1.0 0.0 2165.0 687.0 821.0 657.0
90 0.0 0.0 0.0 0.0 2314.0 734.0 857.0 723.0
91 0.0 0.0 0.0 0.0 2241.0 746.0 798.0 697.0
92 0.0 0.0 0.0 0.0 2124.0 696.0 837.0 591.0
93 0.0 0.0 0.0 0.0 1927.0 606.0 779.0 542.0
94 0.0 0.0 0.0 0.0 1749.0 571.0 681.0 497.0
95 0.0 0.0 0.0 0.0 1753.0 609.0 597.0 547.0
96 0.0 0.0 0.0 0.0 1721.0 558.0 597.0 566.0
97 0.0 0.0 0.0 0.0 1617.0 541.0 589.0 487.0
98 0.0 0.0 0.0 0.0 1639.0 536.0 656.0 447.0
99 0.0 0.0 0.0 0.0 1663.0 539.0 665.0 459.0
100 0.0 0.0 0.0 0.0 1537.0 496.0 552.0 489.0
101 0.0 0.0 0.0 0.0 1564.0 520.0 567.0 477.0
102 0.0 0.0 0.0 0.0 1402.0 464.0 512.0 426.0
103 0.0 0.0 0.0 0.0 1377.0 438.0 501.0 438.0
104 0.0 0.0 0.0 0.0 1325.0 471.0 480.0 374.0
105 0.0 0.0 0.0 0.0 1277.0 437.0 474.0 366.0
106 0.0 0.0 0.0 0.0 1275.0 480.0 453.0 342.0
107 0.0 0.0 0.0 0.0 1210.0 401.0 496.0 313.0
108 0.0 0.0 0.0 0.0 1093.0 392.0 438.0 263.0
109 0.0 0.0 0.0 0.0 1126.0 401.0 478.0 247.0
110 0.0 0.0 0.0 0.0 1119.0 372.0 488.0 259.0
111 0.0 0.0 0.0 0.0 1052.0 362.0 459.0 231.0
112 0.0 0.0 0.0 0.0 953.0 365.0 381.0 207.0
113 0.0 0.0 0.0 0.0 922.0 342.0 366.0 214.0
114 0.0 0.0 0.0 0.0 966.0 276.0 393.0 297.0
115 0.0 0.0 0.0 0.0 964.0 284.0 346.0 334.0
116 0.0 0.0 0.0 0.0 889.0 290.0 349.0 250.0
117 0.0 0.0 0.0 0.0 867.0 306.0 360.0 201.0
118 0.0 0.0 0.0 0.0 853.0 279.0 341.0 233.0
119 0.0 0.0 0.0 0.0 821.0 257.0 382.0 182.0
120 0.0 0.0 0.0 0.0 710.0 210.0 348.0 152.0
121 0.0 0.0 0.0 0.0 741.0 228.0 329.0 184.0
122 0.0 0.0 0.0 0.0 623.0 195.0 274.0 154.0
123 0.0 0.0 0.0 0.0 605.0 204.0 264.0 137.0
124 0.0 0.0 0.0 0.0 558.0 202.0 255.0 101.0
125 0.0 0.0 0.0 0.0 557.0 228.0 220.0 109.0
126 0.0 0.0 0.0 0.0 589.0 230.0 228.0 131.0
127 0.0 0.0 0.0 0.0 529.0 242.0 171.0 116.0
128 0.0 0.0 0.0 0.0 544.0 233.0 196.0 115.0
129 0.0 0.0 0.0 0.0 601.0 230.0 216.0 155.0
130 0.0 0.0 0.0 0.0 497.0 171.0 225.0 101.0
131 0.0 0.0 0.0 0.0 569.0 186.0 272.0 111.0
132 0.0 0.0 0.0 0.0 524.0 181.0 227.0 116.0
133 0.0 0.0 0.0 0.0 481.0 135.0 243.0 103.0
134 0.0 0.0 0.0 0.0 486.0 145.0 247.0 94.0
135 0.0 0.0 0.0 0.0 448.0 157.0 199.0 92.0
136 0.0 0.0 0.0 0.0 447.0 185.0 167.0 95.0
137 0.0 0.0 0.0 0.0 409.0 179.0 129.0 101.0
138 0.0 0.0 0.0 0.0 423.0 156.0 152.0 115.0
139 0.0 0.0 0.0 0.0 409.0 180.0 128.0 101.0
140 0.0 0.0 0.0 0.0 397.0 197.0 108.0 92.0
141 0.0 0.0 0.0 0.0 419.0 250.0 106.0 63.0
142 0.0 0.0 0.0 0.0 421.0 225.0 119.0 77.0
143 0.0 0.0 0.0 0.0 348.0 152.0 145.0 51.0
144 0.0 0.0 0.0 0.0 322.0 111.0 152.0 59.0
145 0.0 0.0 0.0 0.0 366.0 141.0 143.0 82.0
146 0.0 0.0 0.0 0.0 275.0 126.0 99.0 50.0
147 0.0 0.0 0.0 0.0 257.0 131.0 76.0 50.0
148 0.0 0.0 0.0 0.0 261.0 150.0 58.0 53.0
149 0.0 0.0 0.0 0.0 263.0 131.0 71.0 61.0
150 0.0 0.0 0.0 0.0 274.0 129.0 87.0 58.0
151 0.0 0.0 0.0 0.0 257.0 122.0 70.0 65.0
152 0.0 0.0 0.0 0.0 325.0 164.0 77.0 84.0
153 0.0 0.0 0.0 0.0 299.0 177.0 73.0 49.0
154 0.0 0.0 0.0 0.0 306.0 174.0 89.0 43.0
155 0.0 0.0 0.0 0.0 306.0 173.0 83.0 50.0
156 0.0 0.0 0.0 0.0 265.0 154.0 69.0 42.0
157 0.0 0.0 0.0 0.0 279.0 141.0 82.0 56.0
158 0.0 0.0 0.0 0.0 198.0 119.0 46.0 33.0
159 0.0 0.0 0.0 0.0 165.0 103.0 43.0 19.0
160 0.0 0.0 0.0 0.0 190.0 115.0 50.0 25.0
161 0.0 0.0 0.0 0.0 174.0 86.0 46.0 42.0
162 0.0 0.0 0.0 0.0 185.0 95.0 61.0 29.0
163 0.0 0.0 0.0 0.0 173.0 78.0 72.0 23.0
164 0.0 0.0 0.0 0.0 196.0 86.0 75.0 35.0
165 0.0 0.0 0.0 0.0 172.0 75.0 68.0 29.0
166 0.0 0.0 0.0 0.0 179.0 96.0 60.0 23.0
167 0.0 0.0 0.0 0.0 161.0 85.0 52.0 24.0
168 0.0 0.0 0.0 0.0 148.0 79.0 44.0 25.0
169 0.0 0.0 0.0 0.0 160.0 88.0 43.0 29.0
170 0.0 0.0 0.0 0.0 167.0 75.0 61.0 31.0
171 0.0 0.0 0.0 0.0 157.0 62.0 58.0 37.0
172 0.0 0.0 0.0 0.0 122.0 59.0 43.0 20.0
173 0.0 0.0 0.0 0.0 134.0 60.0 59.0 15.0
174 0.0 0.0 0.0 0.0 167.0 77.0 62.0 28.0
175 0.0 0.0 0.0 0.0 146.0 82.0 53.0 11.0
176 0.0 0.0 0.0 0.0 153.0 80.0 62.0 11.0
177 0.0 0.0 0.0 0.0 152.0 93.0 51.0 8.0
178 0.0 0.0 0.0 0.0 140.0 87.0 43.0 10.0
179 0.0 0.0 0.0 0.0 136.0 76.0 47.0 13.0
180 0.0 0.0 0.0 0.0 147.0 70.0 66.0 11.0
181 0.0 0.0 0.0 0.0 85.0 47.0 30.0 8.0
182 0.0 0.0 0.0 0.0 87.0 39.0 23.0 25.0
183 0.0 0.0 0.0 0.0 99.0 58.0 22.0 19.0
184 0.0 0.0 0.0 0.0 79.0 34.0 25.0 20.0
185 0.0 0.0 0.0 0.0 71.0 29.0 24.0 18.0
186 0.0 0.0 0.0 0.0 70.0 28.0 36.0 6.0
187 0.0 0.0 0.0 0.0 102.0 34.0 55.0 13.0
188 0.0 0.0 0.0 0.0 79.0 28.0 27.0 24.0
189 0.0 0.0 0.0 0.0 45.0 20.0 18.0 7.0
190 0.0 0.0 0.0 0.0 50.0 16.0 21.0 13.0
191 0.0 0.0 0.0 0.0 37.0 15.0 14.0 8.0
192 0.0 0.0 0.0 0.0 47.0 21.0 19.0 7.0
193 0.0 0.0 0.0 0.0 41.0 15.0 18.0 8.0
194 0.0 0.0 0.0 0.0 72.0 37.0 18.0 17.0
195 0.0 0.0 0.0 0.0 64.0 28.0 28.0 8.0
196 0.0 0.0 0.0 0.0 74.0 37.0 29.0 8.0
197 0.0 0.0 0.0 0.0 78.0 47.0 23.0 8.0
198 0.0 0.0 0.0 0.0 71.0 28.0 40.0 3.0
199 0.0 0.0 0.0 0.0 63.0 27.0 30.0 6.0
200 0.0 0.0 0.0 0.0 52.0 30.0 18.0 4.0
201 0.0 0.0 0.0 0.0 67.0 53.0 13.0 1.0
202 0.0 0.0 0.0 0.0 60.0 39.0 17.0 4.0
203 0.0 0.0 0.0 0.0 59.0 38.0 21.0 0.0
204 0.0 0.0 0.0 0.0 60.0 36.0 24.0 0.0
205 0.0 0.0 0.0 0.0 47.0 33.0 13.0 1.0
206 0.0 0.0 0.0 0.0 48.0 26.0 17.0 5.0
207 0.0 0.0 0.0 0.0 43.0 27.0 11.0 5.0
208 0.0 0.0 0.0 0.0 97.0 50.0 47.0 0.0
209 0.0 0.0 0.0 0.0 79.0 37.0 40.0 2.0
210 0.0 0.0 0.0 0.0 66.0 34.0 25.0 7.0
211 0.0 0.0 0.0 0.0 43.0 22.0 14.0 7.0
212 0.0 0.0 0.0 0.0 50.0 25.0 23.0 2.0
213 0.0 0.0 0.0 0.0 39.0 27.0 10.0 2.0
214 0.0 0.0 0.0 0.0 38.0 22.0 16.0 0.0
215 0.0 0.0 0.0 0.0 60.0 34.0 26.0 0.0
216 0.0 0.0 0.0 0.0 66.0 52.0 14.0 0.0
217 0.0 0.0 0.0 0.0 55.0 43.0 12.0 0.0
218 0.0 0.0 0.0 0.0 41.0 34.0 4.0 3.0
219 0.0 0.0 0.0 0.0 34.0 30.0 3.0 1.0
220 0.0 0.0 0.0 0.0 31.0 29.0 2.0 0.0
221 0.0 0.0 0.0 0.0 43.0 41.0 2.0 0.0
222 0.0 0.0 0.0 0.0 54.0 45.0 8.0 1.0
223 0.0 0.0 0.0 0.0 26.0 24.0 1.0 1.0
224 0.0 0.0 0.0 0.0 30.0 27.0 3.0 0.0
225 0.0 0.0 0.0 0.0 21.0 16.0 5.0 0.0
226 0.0 0.0 0.0 0.0 22.0 12.0 10.0 0.0
227 0.0 0.0 0.0 0.0 37.0 19.0 18.0 0.0
228 0.0 0.0 0.0 0.0 44.0 35.0 9.0 0.0
229 0.0 0.0 0.0 0.0 51.0 41.0 10.0 0.0
230 0.0 0.0 0.0 0.0 49.0 43.0 6.0 0.0
231 0.0 0.0 0.0 0.0 33.0 29.0 3.0 1.0
232 0.0 0.0 0.0 0.0 43.0 41.0 2.0 0.0
233 0.0 0.0 0.0 0.0 58.0 56.0 2.0 0.0
234 0.0 0.0 0.0 0.0 49.0 43.0 6.0 0.0
235 0.0 0.0 0.0 0.0 50.0 41.0 9.0 0.0
236 0.0 0.0 0.0 0.0 45.0 38.0 7.0 0.0
237 0.0 0.0 0.0 0.0 50.0 45.0 5.0 0.0
238 0.0 0.0 0.0 0.0 44.0 42.0 2.0 0.0
239 0.0 0.0 0.0 0.0 45.0 44.0 1.0 0.0
240 0.0 0.0 0.0 0.0 41.0 37.0 4.0 0.0
241 0.0 0.0 0.0 0.0 29.0 29.0 0.0 0.0
242 0.0 0.0 0.0 0.0 46.0 45.0 1.0 0.0
243 0.0 0.0 0.0 0.0 27.0 27.0 0.0 0.0
244 0.0 0.0 0.0 0.0 14.0 14.0 0.0 0.0
245 0.0 0.0 0.0 0.0 20.0 7.0 12.0 1.0
246 0.0 0.0 0.0 0.0 17.0 8.0 9.0 0.0
247 0.0 0.0 0.0 0.0 18.0 15.0 3.0 0.0
248 0.0 0.0 0.0 0.0 20.0 19.0 1.0 0.0
249 0.0 0.0 0.0 0.0 32.0 32.0 0.0 0.0
250 0.0 0.0 0.0 0.0 28.0 26.0 2.0 0.0
251 0.0 0.0 0.0 0.0 18.0 17.0 1.0 0.0
252 0.0 0.0 0.0 0.0 14.0 11.0 3.0 0.0
253 0.0 0.0 0.0 0.0 8.0 8.0 0.0 0.0
254 0.0 0.0 0.0 0.0 1097.0 818.0 248.0 31.0
