#/mnt/nas-sph/120_anisotropy_evolution/C0002081_SEG_SCALED.aim
#xdim 254
#ydim 254
#zdim 254
#el_size 0.02 mm
#ice_vol_frac 0.170199493942 
#mean_cl_ice 5.22843768805 mean_cl_ice_x 5.89393715264 mean_cl_ice_y 5.48720602181 mean_cl_ice_z 4.50699787179 mean_cl_pore 23.4538213521 mean_cl_pore_x 26.3097697169 mean_cl_pore_y 24.4981533594 mean_cl_pore_z 20.373724207
#mean_cl_squared_ice 44.786148081 mean_cl_squared_ice_x 57.5544007946 mean_cl_squared_ice_y 51.6242233703 mean_cl_squared_ice_z 29.4059185787 	mean_cl_squared_pore 1111.87214057 mean_cl_squared_pore_x 1413.92546271 mean_cl_squared_pore_y 1225.56855631 mean_cl_squared_pore_z 783.413635628
#i l_ice l_ice_x l_ice_y l_ice_z l_pore l_pore_x l_pore_y l_pore_z
0 0.0 0.0 0.0 0.0 0.0 0.0 0.0 0.0
1 132489.0 36086.0 42266.0 54137.0 52699.0 17270.0 15500.0 19929.0
2 203563.0 50527.0 67050.0 85986.0 73854.0 21134.0 23388.0 29332.0
3 269803.0 66983.0 80591.0 122229.0 81768.0 21779.0 26799.0 33190.0
4 273713.0 73345.0 78024.0 122344.0 79349.0 21796.0 25969.0 31584.0
5 203567.0 60067.0 62340.0 81160.0 72027.0 19712.0 23577.0 28738.0
6 137527.0 44180.0 44044.0 49303.0 64920.0 17392.0 21075.0 26453.0
7 93755.0 31823.0 31388.0 30544.0 59322.0 15618.0 19042.0 24662.0
8 66693.0 23542.0 22938.0 20213.0 54978.0 14817.0 17374.0 22787.0
9 48928.0 17574.0 17204.0 14150.0 51569.0 13623.0 16326.0 21620.0
10 37379.0 13992.0 12921.0 10466.0 48698.0 13095.0 15221.0 20382.0
11 27613.0 10455.0 9924.0 7234.0 46650.0 12480.0 14162.0 20008.0
12 20756.0 8041.0 7445.0 5270.0 44657.0 12275.0 13368.0 19014.0
13 16101.0 6358.0 5858.0 3885.0 42510.0 11827.0 12817.0 17866.0
14 12841.0 5247.0 4688.0 2906.0 40615.0 11287.0 12218.0 17110.0
15 10220.0 4231.0 3760.0 2229.0 39270.0 10813.0 12041.0 16416.0
16 8015.0 3465.0 2946.0 1604.0 37875.0 10815.0 11453.0 15607.0
17 6412.0 2780.0 2410.0 1222.0 36300.0 10269.0 11001.0 15030.0
18 5095.0 2246.0 1918.0 931.0 34566.0 9688.0 10463.0 14415.0
19 4056.0 1875.0 1503.0 678.0 33159.0 9426.0 10022.0 13711.0
20 3332.0 1536.0 1277.0 519.0 31189.0 9052.0 9362.0 12775.0
21 2653.0 1221.0 1034.0 398.0 29549.0 8729.0 8933.0 11887.0
22 2234.0 1033.0 896.0 305.0 28616.0 8570.0 8763.0 11283.0
23 1985.0 929.0 792.0 264.0 27452.0 8242.0 8403.0 10807.0
24 1676.0 802.0 658.0 216.0 26305.0 7741.0 8112.0 10452.0
25 1449.0 701.0 572.0 176.0 24937.0 7441.0 7595.0 9901.0
26 1204.0 549.0 509.0 146.0 24481.0 6978.0 7377.0 10126.0
27 940.0 452.0 403.0 85.0 23436.0 6795.0 7198.0 9443.0
28 814.0 423.0 322.0 69.0 22085.0 6538.0 6825.0 8722.0
29 709.0 358.0 304.0 47.0 20939.0 6255.0 6570.0 8114.0
30 563.0 282.0 248.0 33.0 19997.0 6173.0 6213.0 7611.0
31 482.0 267.0 193.0 22.0 19367.0 5883.0 6085.0 7399.0
32 413.0 229.0 167.0 17.0 17902.0 5404.0 5681.0 6817.0
33 357.0 192.0 154.0 11.0 17590.0 5311.0 5534.0 6745.0
34 349.0 191.0 145.0 13.0 16934.0 5086.0 5498.0 6350.0
35 300.0 171.0 128.0 1.0 16104.0 4706.0 5208.0 6190.0
36 246.0 141.0 98.0 7.0 15580.0 4730.0 4986.0 5864.0
37 233.0 116.0 115.0 2.0 15097.0 4365.0 4772.0 5960.0
38 190.0 98.0 90.0 2.0 14629.0 4410.0 4603.0 5616.0
39 190.0 83.0 107.0 0.0 13815.0 4317.0 4345.0 5153.0
40 193.0 86.0 105.0 2.0 13301.0 4172.0 4052.0 5077.0
41 155.0 68.0 84.0 3.0 12477.0 3749.0 3946.0 4782.0
42 127.0 68.0 59.0 0.0 11745.0 3602.0 3856.0 4287.0
43 140.0 91.0 49.0 0.0 11475.0 3709.0 3865.0 3901.0
44 121.0 74.0 47.0 0.0 11284.0 3660.0 3776.0 3848.0
45 100.0 54.0 45.0 1.0 10577.0 3539.0 3400.0 3638.0
46 79.0 25.0 53.0 1.0 10323.0 3411.0 3422.0 3490.0
47 61.0 24.0 37.0 0.0 10146.0 3205.0 3261.0 3680.0
48 52.0 18.0 34.0 0.0 9381.0 3041.0 3019.0 3321.0
49 42.0 16.0 26.0 0.0 8803.0 2840.0 2959.0 3004.0
50 45.0 10.0 35.0 0.0 8446.0 2759.0 2835.0 2852.0
51 36.0 12.0 24.0 0.0 8232.0 2719.0 2731.0 2782.0
52 41.0 15.0 26.0 0.0 7954.0 2771.0 2733.0 2450.0
53 41.0 8.0 33.0 0.0 7142.0 2562.0 2413.0 2167.0
54 43.0 9.0 34.0 0.0 7188.0 2557.0 2447.0 2184.0
55 27.0 6.0 21.0 0.0 7267.0 2633.0 2513.0 2121.0
56 29.0 2.0 27.0 0.0 6855.0 2524.0 2326.0 2005.0
57 20.0 3.0 17.0 0.0 6546.0 2344.0 2247.0 1955.0
58 10.0 0.0 10.0 0.0 6133.0 2204.0 2138.0 1791.0
59 14.0 4.0 10.0 0.0 5719.0 2060.0 2030.0 1629.0
60 24.0 6.0 18.0 0.0 5529.0 1893.0 2134.0 1502.0
61 5.0 1.0 4.0 0.0 5139.0 1889.0 1830.0 1420.0
62 5.0 2.0 3.0 0.0 4913.0 1777.0 1713.0 1423.0
63 5.0 0.0 5.0 0.0 4854.0 1759.0 1679.0 1416.0
64 4.0 2.0 2.0 0.0 4738.0 1705.0 1737.0 1296.0
65 4.0 2.0 2.0 0.0 4653.0 1687.0 1708.0 1258.0
66 2.0 2.0 0.0 0.0 4210.0 1468.0 1656.0 1086.0
67 1.0 0.0 1.0 0.0 4458.0 1694.0 1657.0 1107.0
68 7.0 4.0 3.0 0.0 4093.0 1552.0 1440.0 1101.0
69 1.0 1.0 0.0 0.0 3713.0 1384.0 1391.0 938.0
70 2.0 1.0 1.0 0.0 3626.0 1442.0 1262.0 922.0
71 5.0 0.0 5.0 0.0 3522.0 1343.0 1304.0 875.0
72 1.0 0.0 1.0 0.0 3247.0 1274.0 1128.0 845.0
73 0.0 0.0 0.0 0.0 3199.0 1269.0 1102.0 828.0
74 1.0 0.0 1.0 0.0 3064.0 1171.0 1168.0 725.0
75 0.0 0.0 0.0 0.0 3047.0 1173.0 1107.0 767.0
76 3.0 0.0 3.0 0.0 2806.0 1190.0 924.0 692.0
77 1.0 1.0 0.0 0.0 2810.0 1148.0 1014.0 648.0
78 2.0 0.0 2.0 0.0 2676.0 1181.0 935.0 560.0
79 2.0 0.0 2.0 0.0 2382.0 951.0 921.0 510.0
80 4.0 0.0 4.0 0.0 2432.0 894.0 956.0 582.0
81 1.0 0.0 1.0 0.0 2367.0 847.0 962.0 558.0
82 2.0 0.0 2.0 0.0 2154.0 805.0 871.0 478.0
83 2.0 0.0 2.0 0.0 2123.0 851.0 810.0 462.0
84 3.0 1.0 2.0 0.0 2148.0 826.0 800.0 522.0
85 8.0 0.0 8.0 0.0 2068.0 794.0 772.0 502.0
86 2.0 1.0 1.0 0.0 2020.0 771.0 778.0 471.0
87 2.0 0.0 2.0 0.0 1853.0 775.0 657.0 421.0
88 2.0 0.0 2.0 0.0 1850.0 710.0 689.0 451.0
89 3.0 1.0 2.0 0.0 1762.0 658.0 644.0 460.0
90 1.0 0.0 1.0 0.0 1672.0 677.0 626.0 369.0
91 0.0 0.0 0.0 0.0 1470.0 614.0 545.0 311.0
92 0.0 0.0 0.0 0.0 1426.0 662.0 457.0 307.0
93 0.0 0.0 0.0 0.0 1303.0 584.0 446.0 273.0
94 1.0 1.0 0.0 0.0 1335.0 594.0 501.0 240.0
95 0.0 0.0 0.0 0.0 1362.0 614.0 454.0 294.0
96 0.0 0.0 0.0 0.0 1333.0 536.0 498.0 299.0
97 0.0 0.0 0.0 0.0 1199.0 454.0 476.0 269.0
98 0.0 0.0 0.0 0.0 1098.0 464.0 400.0 234.0
99 0.0 0.0 0.0 0.0 1092.0 404.0 443.0 245.0
100 0.0 0.0 0.0 0.0 1143.0 458.0 440.0 245.0
101 0.0 0.0 0.0 0.0 1022.0 406.0 402.0 214.0
102 0.0 0.0 0.0 0.0 971.0 390.0 367.0 214.0
103 0.0 0.0 0.0 0.0 997.0 394.0 371.0 232.0
104 0.0 0.0 0.0 0.0 847.0 359.0 296.0 192.0
105 0.0 0.0 0.0 0.0 828.0 347.0 309.0 172.0
106 0.0 0.0 0.0 0.0 787.0 306.0 337.0 144.0
107 0.0 0.0 0.0 0.0 783.0 321.0 314.0 148.0
108 0.0 0.0 0.0 0.0 686.0 294.0 299.0 93.0
109 0.0 0.0 0.0 0.0 764.0 309.0 342.0 113.0
110 0.0 0.0 0.0 0.0 639.0 288.0 279.0 72.0
111 0.0 0.0 0.0 0.0 696.0 309.0 272.0 115.0
112 0.0 0.0 0.0 0.0 589.0 275.0 230.0 84.0
113 0.0 0.0 0.0 0.0 606.0 266.0 251.0 89.0
114 0.0 0.0 0.0 0.0 556.0 274.0 191.0 91.0
115 0.0 0.0 0.0 0.0 607.0 295.0 221.0 91.0
116 0.0 0.0 0.0 0.0 565.0 254.0 228.0 83.0
117 0.0 0.0 0.0 0.0 552.0 247.0 247.0 58.0
118 0.0 0.0 0.0 0.0 524.0 236.0 221.0 67.0
119 0.0 0.0 0.0 0.0 495.0 214.0 199.0 82.0
120 0.0 0.0 0.0 0.0 481.0 226.0 194.0 61.0
121 0.0 0.0 0.0 0.0 503.0 238.0 210.0 55.0
122 0.0 0.0 0.0 0.0 471.0 227.0 199.0 45.0
123 0.0 0.0 0.0 0.0 467.0 229.0 191.0 47.0
124 0.0 0.0 0.0 0.0 414.0 212.0 178.0 24.0
125 0.0 0.0 0.0 0.0 412.0 191.0 183.0 38.0
126 0.0 0.0 0.0 0.0 366.0 191.0 139.0 36.0
127 0.0 0.0 0.0 0.0 347.0 184.0 126.0 37.0
128 0.0 0.0 0.0 0.0 311.0 164.0 118.0 29.0
129 0.0 0.0 0.0 0.0 366.0 171.0 150.0 45.0
130 0.0 0.0 0.0 0.0 321.0 147.0 120.0 54.0
131 0.0 0.0 0.0 0.0 314.0 148.0 127.0 39.0
132 0.0 0.0 0.0 0.0 276.0 130.0 110.0 36.0
133 0.0 0.0 0.0 0.0 266.0 113.0 115.0 38.0
134 0.0 0.0 0.0 0.0 285.0 104.0 133.0 48.0
135 0.0 0.0 0.0 0.0 256.0 124.0 98.0 34.0
136 0.0 0.0 0.0 0.0 235.0 115.0 92.0 28.0
137 0.0 0.0 0.0 0.0 258.0 99.0 134.0 25.0
138 0.0 0.0 0.0 0.0 233.0 89.0 116.0 28.0
139 0.0 0.0 0.0 0.0 221.0 82.0 124.0 15.0
140 0.0 0.0 0.0 0.0 179.0 92.0 73.0 14.0
141 0.0 0.0 0.0 0.0 201.0 92.0 81.0 28.0
142 0.0 0.0 0.0 0.0 199.0 90.0 98.0 11.0
143 0.0 0.0 0.0 0.0 165.0 78.0 79.0 8.0
144 0.0 0.0 0.0 0.0 183.0 99.0 74.0 10.0
145 0.0 0.0 0.0 0.0 180.0 99.0 67.0 14.0
146 0.0 0.0 0.0 0.0 177.0 98.0 72.0 7.0
147 0.0 0.0 0.0 0.0 128.0 65.0 55.0 8.0
148 0.0 0.0 0.0 0.0 99.0 57.0 38.0 4.0
149 0.0 0.0 0.0 0.0 112.0 55.0 51.0 6.0
150 0.0 0.0 0.0 0.0 129.0 48.0 61.0 20.0
151 0.0 0.0 0.0 0.0 116.0 54.0 48.0 14.0
152 0.0 0.0 0.0 0.0 129.0 88.0 36.0 5.0
153 0.0 0.0 0.0 0.0 142.0 69.0 58.0 15.0
154 0.0 0.0 0.0 0.0 135.0 80.0 42.0 13.0
155 0.0 0.0 0.0 0.0 125.0 90.0 25.0 10.0
156 0.0 0.0 0.0 0.0 114.0 71.0 37.0 6.0
157 0.0 0.0 0.0 0.0 117.0 66.0 46.0 5.0
158 0.0 0.0 0.0 0.0 91.0 51.0 34.0 6.0
159 0.0 0.0 0.0 0.0 74.0 47.0 24.0 3.0
160 0.0 0.0 0.0 0.0 66.0 48.0 17.0 1.0
161 0.0 0.0 0.0 0.0 47.0 28.0 15.0 4.0
162 0.0 0.0 0.0 0.0 75.0 44.0 26.0 5.0
163 0.0 0.0 0.0 0.0 84.0 38.0 40.0 6.0
164 0.0 0.0 0.0 0.0 69.0 33.0 31.0 5.0
165 0.0 0.0 0.0 0.0 87.0 47.0 35.0 5.0
166 0.0 0.0 0.0 0.0 84.0 49.0 26.0 9.0
167 0.0 0.0 0.0 0.0 84.0 44.0 29.0 11.0
168 0.0 0.0 0.0 0.0 61.0 30.0 25.0 6.0
169 0.0 0.0 0.0 0.0 55.0 28.0 19.0 8.0
170 0.0 0.0 0.0 0.0 67.0 43.0 21.0 3.0
171 0.0 0.0 0.0 0.0 89.0 63.0 12.0 14.0
172 0.0 0.0 0.0 0.0 69.0 50.0 13.0 6.0
173 0.0 0.0 0.0 0.0 51.0 37.0 10.0 4.0
174 0.0 0.0 0.0 0.0 52.0 26.0 23.0 3.0
175 0.0 0.0 0.0 0.0 35.0 21.0 12.0 2.0
176 0.0 0.0 0.0 0.0 46.0 29.0 16.0 1.0
177 0.0 0.0 0.0 0.0 43.0 23.0 13.0 7.0
178 0.0 0.0 0.0 0.0 40.0 19.0 15.0 6.0
179 0.0 0.0 0.0 0.0 42.0 24.0 14.0 4.0
180 0.0 0.0 0.0 0.0 55.0 29.0 16.0 10.0
181 0.0 0.0 0.0 0.0 44.0 26.0 10.0 8.0
182 0.0 0.0 0.0 0.0 27.0 12.0 14.0 1.0
183 0.0 0.0 0.0 0.0 34.0 18.0 16.0 0.0
184 0.0 0.0 0.0 0.0 32.0 21.0 10.0 1.0
185 0.0 0.0 0.0 0.0 30.0 18.0 11.0 1.0
186 0.0 0.0 0.0 0.0 30.0 22.0 6.0 2.0
187 0.0 0.0 0.0 0.0 35.0 27.0 7.0 1.0
188 0.0 0.0 0.0 0.0 38.0 26.0 12.0 0.0
189 0.0 0.0 0.0 0.0 47.0 37.0 5.0 5.0
190 0.0 0.0 0.0 0.0 46.0 34.0 12.0 0.0
191 0.0 0.0 0.0 0.0 59.0 36.0 21.0 2.0
192 0.0 0.0 0.0 0.0 44.0 24.0 11.0 9.0
193 0.0 0.0 0.0 0.0 30.0 15.0 13.0 2.0
194 0.0 0.0 0.0 0.0 29.0 16.0 13.0 0.0
195 0.0 0.0 0.0 0.0 29.0 17.0 12.0 0.0
196 0.0 0.0 0.0 0.0 16.0 8.0 8.0 0.0
197 0.0 0.0 0.0 0.0 15.0 7.0 8.0 0.0
198 0.0 0.0 0.0 0.0 22.0 14.0 8.0 0.0
199 0.0 0.0 0.0 0.0 29.0 16.0 13.0 0.0
200 0.0 0.0 0.0 0.0 35.0 21.0 12.0 2.0
201 0.0 0.0 0.0 0.0 23.0 15.0 7.0 1.0
202 0.0 0.0 0.0 0.0 36.0 29.0 7.0 0.0
203 0.0 0.0 0.0 0.0 27.0 24.0 3.0 0.0
204 0.0 0.0 0.0 0.0 21.0 18.0 3.0 0.0
205 0.0 0.0 0.0 0.0 18.0 13.0 5.0 0.0
206 0.0 0.0 0.0 0.0 17.0 9.0 8.0 0.0
207 0.0 0.0 0.0 0.0 21.0 16.0 5.0 0.0
208 0.0 0.0 0.0 0.0 17.0 14.0 3.0 0.0
209 0.0 0.0 0.0 0.0 23.0 17.0 5.0 1.0
210 0.0 0.0 0.0 0.0 18.0 15.0 3.0 0.0
211 0.0 0.0 0.0 0.0 14.0 9.0 5.0 0.0
212 0.0 0.0 0.0 0.0 13.0 9.0 4.0 0.0
213 0.0 0.0 0.0 0.0 8.0 6.0 2.0 0.0
214 0.0 0.0 0.0 0.0 22.0 12.0 10.0 0.0
215 0.0 0.0 0.0 0.0 18.0 5.0 13.0 0.0
216 0.0 0.0 0.0 0.0 24.0 11.0 13.0 0.0
217 0.0 0.0 0.0 0.0 19.0 10.0 8.0 1.0
218 0.0 0.0 0.0 0.0 17.0 8.0 9.0 0.0
219 0.0 0.0 0.0 0.0 19.0 8.0 11.0 0.0
220 0.0 0.0 0.0 0.0 24.0 11.0 13.0 0.0
221 0.0 0.0 0.0 0.0 15.0 5.0 10.0 0.0
222 0.0 0.0 0.0 0.0 10.0 1.0 9.0 0.0
223 0.0 0.0 0.0 0.0 7.0 3.0 4.0 0.0
224 0.0 0.0 0.0 0.0 8.0 5.0 3.0 0.0
225 0.0 0.0 0.0 0.0 3.0 3.0 0.0 0.0
226 0.0 0.0 0.0 0.0 5.0 3.0 2.0 0.0
227 0.0 0.0 0.0 0.0 6.0 4.0 2.0 0.0
228 0.0 0.0 0.0 0.0 1.0 0.0 1.0 0.0
229 0.0 0.0 0.0 0.0 3.0 0.0 3.0 0.0
230 0.0 0.0 0.0 0.0 3.0 1.0 2.0 0.0
231 0.0 0.0 0.0 0.0 1.0 0.0 1.0 0.0
232 0.0 0.0 0.0 0.0 2.0 1.0 0.0 1.0
233 0.0 0.0 0.0 0.0 2.0 0.0 1.0 1.0
234 0.0 0.0 0.0 0.0 6.0 1.0 4.0 1.0
235 0.0 0.0 0.0 0.0 15.0 6.0 9.0 0.0
236 0.0 0.0 0.0 0.0 6.0 6.0 0.0 0.0
237 0.0 0.0 0.0 0.0 7.0 7.0 0.0 0.0
238 0.0 0.0 0.0 0.0 2.0 1.0 1.0 0.0
239 0.0 0.0 0.0 0.0 0.0 0.0 0.0 0.0
240 0.0 0.0 0.0 0.0 5.0 5.0 0.0 0.0
241 0.0 0.0 0.0 0.0 0.0 0.0 0.0 0.0
242 0.0 0.0 0.0 0.0 2.0 2.0 0.0 0.0
243 0.0 0.0 0.0 0.0 4.0 4.0 0.0 0.0
244 0.0 0.0 0.0 0.0 1.0 1.0 0.0 0.0
245 0.0 0.0 0.0 0.0 2.0 2.0 0.0 0.0
246 0.0 0.0 0.0 0.0 3.0 3.0 0.0 0.0
247 0.0 0.0 0.0 0.0 4.0 4.0 0.0 0.0
248 0.0 0.0 0.0 0.0 8.0 8.0 0.0 0.0
249 0.0 0.0 0.0 0.0 3.0 3.0 0.0 0.0
250 0.0 0.0 0.0 0.0 3.0 2.0 1.0 0.0
251 0.0 0.0 0.0 0.0 5.0 5.0 0.0 0.0
252 0.0 0.0 0.0 0.0 2.0 2.0 0.0 0.0
253 0.0 0.0 0.0 0.0 2.0 2.0 0.0 0.0
254 0.0 0.0 0.0 0.0 30.0 23.0 7.0 0.0
