#/mnt/nas-sph/120_anisotropy_evolution/C0002188_SEG_SCALED.aim
#xdim 254
#ydim 254
#zdim 254
#el_size 0.02 mm
#ice_vol_frac 0.186626902781 
#mean_cl_ice 8.70889266045 mean_cl_ice_x 9.50575330714 mean_cl_ice_y 9.37267695589 mean_cl_ice_z 7.54244908428 mean_cl_pore 33.619242637 mean_cl_pore_x 36.2246757694 mean_cl_pore_y 36.0013964292 mean_cl_pore_z 29.5399878549
#mean_cl_squared_ice 111.531200819 mean_cl_squared_ice_x 136.677015989 mean_cl_squared_ice_y 131.36522973 mean_cl_squared_ice_z 75.6179804377 	mean_cl_squared_pore 2116.02889801 mean_cl_squared_pore_x 2399.25270147 mean_cl_squared_pore_y 2411.4155606 mean_cl_squared_pore_z 1642.69787816
#i l_ice l_ice_x l_ice_y l_ice_z l_pore l_pore_x l_pore_y l_pore_z
0 0.0 0.0 0.0 0.0 0.0 0.0 0.0 0.0
1 25450.0 6942.0 8278.0 10230.0 15374.0 4100.0 4820.0 6454.0
2 39987.0 11507.0 12608.0 15872.0 22389.0 5869.0 6256.0 10264.0
3 55055.0 15923.0 16911.0 22221.0 26465.0 6996.0 7526.0 11943.0
4 74880.0 21309.0 21918.0 31653.0 28742.0 7816.0 8290.0 12636.0
5 96248.0 26484.0 26830.0 42934.0 30874.0 8573.0 9064.0 13237.0
6 117563.0 30904.0 30600.0 56059.0 31484.0 9053.0 9242.0 13189.0
7 124727.0 32324.0 32635.0 59768.0 31433.0 9337.0 9247.0 12849.0
8 111391.0 31079.0 31180.0 49132.0 31116.0 9045.0 9374.0 12697.0
9 86180.0 26244.0 27159.0 32777.0 30585.0 8798.0 9185.0 12602.0
10 64723.0 21770.0 21661.0 21292.0 29156.0 8469.0 8450.0 12237.0
11 48584.0 17046.0 16626.0 14912.0 28784.0 8099.0 8389.0 12296.0
12 37280.0 13394.0 13028.0 10858.0 27671.0 7905.0 8152.0 11614.0
13 28675.0 10480.0 10528.0 7667.0 26484.0 7755.0 7884.0 10845.0
14 22775.0 8630.0 8400.0 5745.0 26130.0 7589.0 7664.0 10877.0
15 18099.0 6920.0 6662.0 4517.0 25426.0 7434.0 7624.0 10368.0
16 15033.0 5842.0 5583.0 3608.0 24017.0 6924.0 7153.0 9940.0
17 12699.0 4885.0 4757.0 3057.0 23273.0 6845.0 6741.0 9687.0
18 10662.0 4054.0 4190.0 2418.0 22202.0 6471.0 6498.0 9233.0
19 9212.0 3392.0 3865.0 1955.0 21584.0 6230.0 6317.0 9037.0
20 7851.0 2756.0 3451.0 1644.0 21315.0 6072.0 6448.0 8795.0
21 6481.0 2422.0 2762.0 1297.0 20808.0 6039.0 6263.0 8506.0
22 5455.0 2090.0 2307.0 1058.0 19664.0 6036.0 5666.0 7962.0
23 4847.0 1973.0 1984.0 890.0 18973.0 5966.0 5614.0 7393.0
24 3991.0 1737.0 1613.0 641.0 18224.0 5816.0 5220.0 7188.0
25 3327.0 1480.0 1303.0 544.0 17924.0 5539.0 5399.0 6986.0
26 2806.0 1300.0 1090.0 416.0 17250.0 5287.0 5203.0 6760.0
27 2407.0 1121.0 942.0 344.0 16657.0 5003.0 5192.0 6462.0
28 2060.0 966.0 798.0 296.0 15981.0 4718.0 5078.0 6185.0
29 1773.0 809.0 711.0 253.0 15735.0 4654.0 5004.0 6077.0
30 1547.0 664.0 677.0 206.0 15562.0 4511.0 5004.0 6047.0
31 1324.0 581.0 590.0 153.0 15633.0 4709.0 4963.0 5961.0
32 1158.0 526.0 493.0 139.0 15378.0 4585.0 4692.0 6101.0
33 1079.0 462.0 510.0 107.0 14818.0 4419.0 4750.0 5649.0
34 911.0 411.0 412.0 88.0 13757.0 4286.0 4508.0 4963.0
35 820.0 359.0 377.0 84.0 13129.0 4249.0 4161.0 4719.0
36 686.0 303.0 302.0 81.0 12842.0 4036.0 4262.0 4544.0
37 610.0 240.0 307.0 63.0 12109.0 3869.0 3817.0 4423.0
38 539.0 216.0 255.0 68.0 11684.0 3744.0 3491.0 4449.0
39 440.0 175.0 210.0 55.0 11631.0 3622.0 3318.0 4691.0
40 404.0 150.0 197.0 57.0 11261.0 3510.0 3357.0 4394.0
41 351.0 150.0 147.0 54.0 10923.0 3650.0 3176.0 4097.0
42 335.0 148.0 138.0 49.0 10391.0 3472.0 3222.0 3697.0
43 289.0 134.0 126.0 29.0 10084.0 3416.0 3234.0 3434.0
44 286.0 129.0 118.0 39.0 9783.0 3433.0 3140.0 3210.0
45 247.0 94.0 123.0 30.0 9617.0 3425.0 3137.0 3055.0
46 190.0 100.0 74.0 16.0 9542.0 3374.0 3078.0 3090.0
47 163.0 75.0 68.0 20.0 9430.0 3268.0 3024.0 3138.0
48 159.0 73.0 78.0 8.0 9090.0 3078.0 2857.0 3155.0
49 130.0 73.0 53.0 4.0 8580.0 2848.0 2828.0 2904.0
50 134.0 70.0 58.0 6.0 8312.0 2717.0 2859.0 2736.0
51 110.0 55.0 44.0 11.0 8340.0 2826.0 2676.0 2838.0
52 105.0 48.0 43.0 14.0 7890.0 2677.0 2521.0 2692.0
53 113.0 53.0 47.0 13.0 7719.0 2596.0 2527.0 2596.0
54 111.0 60.0 45.0 6.0 7433.0 2468.0 2514.0 2451.0
55 98.0 62.0 32.0 4.0 7415.0 2440.0 2451.0 2524.0
56 66.0 31.0 33.0 2.0 7141.0 2309.0 2411.0 2421.0
57 89.0 32.0 54.0 3.0 6891.0 2246.0 2301.0 2344.0
58 83.0 34.0 48.0 1.0 7172.0 2287.0 2229.0 2656.0
59 82.0 32.0 48.0 2.0 6788.0 2301.0 1994.0 2493.0
60 43.0 27.0 16.0 0.0 6701.0 2242.0 2170.0 2289.0
61 30.0 18.0 12.0 0.0 6457.0 2232.0 2041.0 2184.0
62 27.0 17.0 10.0 0.0 6035.0 2106.0 1983.0 1946.0
63 61.0 39.0 22.0 0.0 5650.0 2046.0 1885.0 1719.0
64 61.0 25.0 36.0 0.0 5501.0 1938.0 1841.0 1722.0
65 50.0 26.0 24.0 0.0 5325.0 1848.0 1856.0 1621.0
66 47.0 27.0 20.0 0.0 5263.0 1947.0 1736.0 1580.0
67 39.0 28.0 11.0 0.0 4930.0 1774.0 1614.0 1542.0
68 44.0 30.0 14.0 0.0 4563.0 1653.0 1453.0 1457.0
69 30.0 19.0 11.0 0.0 4319.0 1561.0 1432.0 1326.0
70 21.0 13.0 8.0 0.0 4330.0 1491.0 1404.0 1435.0
71 25.0 13.0 12.0 0.0 4404.0 1564.0 1493.0 1347.0
72 21.0 9.0 12.0 0.0 4284.0 1544.0 1450.0 1290.0
73 11.0 11.0 0.0 0.0 4104.0 1537.0 1379.0 1188.0
74 12.0 10.0 1.0 1.0 3859.0 1367.0 1358.0 1134.0
75 6.0 5.0 0.0 1.0 3749.0 1239.0 1406.0 1104.0
76 5.0 5.0 0.0 0.0 3387.0 1158.0 1207.0 1022.0
77 4.0 4.0 0.0 0.0 3557.0 1182.0 1246.0 1129.0
78 3.0 3.0 0.0 0.0 3412.0 1204.0 1189.0 1019.0
79 2.0 2.0 0.0 0.0 3385.0 1308.0 1101.0 976.0
80 0.0 0.0 0.0 0.0 3240.0 1262.0 1009.0 969.0
81 3.0 1.0 0.0 2.0 2966.0 1163.0 979.0 824.0
82 5.0 5.0 0.0 0.0 2754.0 1077.0 961.0 716.0
83 1.0 1.0 0.0 0.0 2619.0 1011.0 905.0 703.0
84 2.0 2.0 0.0 0.0 2523.0 943.0 920.0 660.0
85 3.0 3.0 0.0 0.0 2497.0 931.0 893.0 673.0
86 4.0 4.0 0.0 0.0 2461.0 889.0 868.0 704.0
87 6.0 6.0 0.0 0.0 2416.0 893.0 810.0 713.0
88 1.0 1.0 0.0 0.0 2342.0 882.0 785.0 675.0
89 1.0 1.0 0.0 0.0 2360.0 847.0 807.0 706.0
90 3.0 3.0 0.0 0.0 2289.0 762.0 798.0 729.0
91 3.0 3.0 0.0 0.0 2427.0 814.0 835.0 778.0
92 3.0 3.0 0.0 0.0 2254.0 851.0 776.0 627.0
93 8.0 8.0 0.0 0.0 2137.0 789.0 772.0 576.0
94 13.0 13.0 0.0 0.0 2174.0 817.0 753.0 604.0
95 13.0 13.0 0.0 0.0 2283.0 811.0 770.0 702.0
96 6.0 6.0 0.0 0.0 2142.0 770.0 770.0 602.0
97 0.0 0.0 0.0 0.0 2081.0 795.0 728.0 558.0
98 1.0 1.0 0.0 0.0 1890.0 699.0 669.0 522.0
99 0.0 0.0 0.0 0.0 1768.0 594.0 632.0 542.0
100 0.0 0.0 0.0 0.0 1774.0 611.0 693.0 470.0
101 0.0 0.0 0.0 0.0 1624.0 581.0 632.0 411.0
102 0.0 0.0 0.0 0.0 1605.0 629.0 563.0 413.0
103 0.0 0.0 0.0 0.0 1480.0 572.0 559.0 349.0
104 0.0 0.0 0.0 0.0 1525.0 542.0 556.0 427.0
105 0.0 0.0 0.0 0.0 1350.0 500.0 448.0 402.0
106 0.0 0.0 0.0 0.0 1301.0 437.0 455.0 409.0
107 0.0 0.0 0.0 0.0 1235.0 428.0 464.0 343.0
108 0.0 0.0 0.0 0.0 1261.0 403.0 548.0 310.0
109 0.0 0.0 0.0 0.0 1197.0 366.0 496.0 335.0
110 0.0 0.0 0.0 0.0 1143.0 356.0 474.0 313.0
111 0.0 0.0 0.0 0.0 1130.0 363.0 462.0 305.0
112 0.0 0.0 0.0 0.0 1092.0 356.0 431.0 305.0
113 0.0 0.0 0.0 0.0 1163.0 321.0 499.0 343.0
114 0.0 0.0 0.0 0.0 1133.0 300.0 523.0 310.0
115 0.0 0.0 0.0 0.0 944.0 286.0 404.0 254.0
116 0.0 0.0 0.0 0.0 892.0 290.0 426.0 176.0
117 0.0 0.0 0.0 0.0 815.0 274.0 378.0 163.0
118 0.0 0.0 0.0 0.0 783.0 289.0 316.0 178.0
119 0.0 0.0 0.0 0.0 773.0 269.0 341.0 163.0
120 0.0 0.0 0.0 0.0 729.0 280.0 310.0 139.0
121 0.0 0.0 0.0 0.0 689.0 255.0 283.0 151.0
122 0.0 0.0 0.0 0.0 709.0 270.0 281.0 158.0
123 0.0 0.0 0.0 0.0 723.0 245.0 338.0 140.0
124 0.0 0.0 0.0 0.0 694.0 212.0 351.0 131.0
125 0.0 0.0 0.0 0.0 768.0 260.0 348.0 160.0
126 0.0 0.0 0.0 0.0 679.0 218.0 305.0 156.0
127 0.0 0.0 0.0 0.0 698.0 275.0 293.0 130.0
128 0.0 0.0 0.0 0.0 601.0 199.0 288.0 114.0
129 0.0 0.0 0.0 0.0 659.0 210.0 291.0 158.0
130 0.0 0.0 0.0 0.0 643.0 174.0 332.0 137.0
131 0.0 0.0 0.0 0.0 658.0 196.0 304.0 158.0
132 0.0 0.0 0.0 0.0 648.0 182.0 280.0 186.0
133 0.0 0.0 0.0 0.0 604.0 207.0 225.0 172.0
134 0.0 0.0 0.0 0.0 640.0 225.0 236.0 179.0
135 0.0 0.0 0.0 0.0 585.0 189.0 244.0 152.0
136 0.0 0.0 0.0 0.0 485.0 159.0 210.0 116.0
137 0.0 0.0 0.0 0.0 473.0 176.0 176.0 121.0
138 0.0 0.0 0.0 0.0 438.0 167.0 161.0 110.0
139 0.0 0.0 0.0 0.0 451.0 195.0 145.0 111.0
140 0.0 0.0 0.0 0.0 447.0 164.0 158.0 125.0
141 0.0 0.0 0.0 0.0 436.0 177.0 166.0 93.0
142 0.0 0.0 0.0 0.0 411.0 159.0 169.0 83.0
143 0.0 0.0 0.0 0.0 456.0 187.0 159.0 110.0
144 0.0 0.0 0.0 0.0 471.0 216.0 156.0 99.0
145 0.0 0.0 0.0 0.0 441.0 189.0 177.0 75.0
146 0.0 0.0 0.0 0.0 431.0 164.0 190.0 77.0
147 0.0 0.0 0.0 0.0 410.0 170.0 157.0 83.0
148 0.0 0.0 0.0 0.0 405.0 206.0 122.0 77.0
149 0.0 0.0 0.0 0.0 311.0 129.0 105.0 77.0
150 0.0 0.0 0.0 0.0 332.0 130.0 120.0 82.0
151 0.0 0.0 0.0 0.0 332.0 116.0 125.0 91.0
152 0.0 0.0 0.0 0.0 437.0 134.0 181.0 122.0
153 0.0 0.0 0.0 0.0 391.0 128.0 179.0 84.0
154 0.0 0.0 0.0 0.0 346.0 128.0 135.0 83.0
155 0.0 0.0 0.0 0.0 380.0 139.0 157.0 84.0
156 0.0 0.0 0.0 0.0 348.0 150.0 112.0 86.0
157 0.0 0.0 0.0 0.0 323.0 127.0 110.0 86.0
158 0.0 0.0 0.0 0.0 358.0 122.0 122.0 114.0
159 0.0 0.0 0.0 0.0 307.0 101.0 111.0 95.0
160 0.0 0.0 0.0 0.0 242.0 63.0 99.0 80.0
161 0.0 0.0 0.0 0.0 224.0 63.0 100.0 61.0
162 0.0 0.0 0.0 0.0 224.0 60.0 103.0 61.0
163 0.0 0.0 0.0 0.0 196.0 65.0 99.0 32.0
164 0.0 0.0 0.0 0.0 270.0 120.0 100.0 50.0
165 0.0 0.0 0.0 0.0 228.0 101.0 89.0 38.0
166 0.0 0.0 0.0 0.0 213.0 92.0 78.0 43.0
167 0.0 0.0 0.0 0.0 234.0 84.0 102.0 48.0
168 0.0 0.0 0.0 0.0 236.0 88.0 90.0 58.0
169 0.0 0.0 0.0 0.0 204.0 73.0 96.0 35.0
170 0.0 0.0 0.0 0.0 152.0 60.0 59.0 33.0
171 0.0 0.0 0.0 0.0 165.0 69.0 59.0 37.0
172 0.0 0.0 0.0 0.0 196.0 79.0 62.0 55.0
173 0.0 0.0 0.0 0.0 199.0 79.0 73.0 47.0
174 0.0 0.0 0.0 0.0 169.0 63.0 63.0 43.0
175 0.0 0.0 0.0 0.0 164.0 61.0 67.0 36.0
176 0.0 0.0 0.0 0.0 165.0 67.0 59.0 39.0
177 0.0 0.0 0.0 0.0 167.0 62.0 79.0 26.0
178 0.0 0.0 0.0 0.0 152.0 59.0 49.0 44.0
179 0.0 0.0 0.0 0.0 120.0 43.0 54.0 23.0
180 0.0 0.0 0.0 0.0 102.0 48.0 36.0 18.0
181 0.0 0.0 0.0 0.0 111.0 52.0 35.0 24.0
182 0.0 0.0 0.0 0.0 129.0 57.0 40.0 32.0
183 0.0 0.0 0.0 0.0 110.0 38.0 33.0 39.0
184 0.0 0.0 0.0 0.0 84.0 36.0 36.0 12.0
185 0.0 0.0 0.0 0.0 75.0 32.0 37.0 6.0
186 0.0 0.0 0.0 0.0 88.0 37.0 47.0 4.0
187 0.0 0.0 0.0 0.0 99.0 41.0 47.0 11.0
188 0.0 0.0 0.0 0.0 86.0 36.0 39.0 11.0
189 0.0 0.0 0.0 0.0 76.0 26.0 45.0 5.0
190 0.0 0.0 0.0 0.0 70.0 25.0 38.0 7.0
191 0.0 0.0 0.0 0.0 78.0 29.0 32.0 17.0
192 0.0 0.0 0.0 0.0 123.0 36.0 50.0 37.0
193 0.0 0.0 0.0 0.0 112.0 32.0 49.0 31.0
194 0.0 0.0 0.0 0.0 97.0 40.0 31.0 26.0
195 0.0 0.0 0.0 0.0 76.0 26.0 26.0 24.0
196 0.0 0.0 0.0 0.0 81.0 38.0 27.0 16.0
197 0.0 0.0 0.0 0.0 83.0 40.0 23.0 20.0
198 0.0 0.0 0.0 0.0 48.0 10.0 22.0 16.0
199 0.0 0.0 0.0 0.0 67.0 22.0 29.0 16.0
200 0.0 0.0 0.0 0.0 86.0 31.0 33.0 22.0
201 0.0 0.0 0.0 0.0 60.0 17.0 30.0 13.0
202 0.0 0.0 0.0 0.0 63.0 20.0 29.0 14.0
203 0.0 0.0 0.0 0.0 69.0 24.0 32.0 13.0
204 0.0 0.0 0.0 0.0 67.0 18.0 40.0 9.0
205 0.0 0.0 0.0 0.0 61.0 9.0 40.0 12.0
206 0.0 0.0 0.0 0.0 63.0 11.0 27.0 25.0
207 0.0 0.0 0.0 0.0 69.0 8.0 37.0 24.0
208 0.0 0.0 0.0 0.0 58.0 14.0 24.0 20.0
209 0.0 0.0 0.0 0.0 47.0 21.0 13.0 13.0
210 0.0 0.0 0.0 0.0 47.0 17.0 11.0 19.0
211 0.0 0.0 0.0 0.0 22.0 8.0 4.0 10.0
212 0.0 0.0 0.0 0.0 44.0 20.0 12.0 12.0
213 0.0 0.0 0.0 0.0 47.0 18.0 20.0 9.0
214 0.0 0.0 0.0 0.0 57.0 29.0 23.0 5.0
215 0.0 0.0 0.0 0.0 46.0 24.0 20.0 2.0
216 0.0 0.0 0.0 0.0 39.0 30.0 7.0 2.0
217 0.0 0.0 0.0 0.0 47.0 31.0 12.0 4.0
218 0.0 0.0 0.0 0.0 42.0 31.0 4.0 7.0
219 0.0 0.0 0.0 0.0 43.0 29.0 14.0 0.0
220 0.0 0.0 0.0 0.0 42.0 32.0 9.0 1.0
221 0.0 0.0 0.0 0.0 28.0 16.0 12.0 0.0
222 0.0 0.0 0.0 0.0 25.0 11.0 12.0 2.0
223 0.0 0.0 0.0 0.0 21.0 11.0 9.0 1.0
224 0.0 0.0 0.0 0.0 18.0 15.0 2.0 1.0
225 0.0 0.0 0.0 0.0 14.0 11.0 0.0 3.0
226 0.0 0.0 0.0 0.0 27.0 16.0 2.0 9.0
227 0.0 0.0 0.0 0.0 23.0 9.0 2.0 12.0
228 0.0 0.0 0.0 0.0 24.0 10.0 1.0 13.0
229 0.0 0.0 0.0 0.0 21.0 4.0 3.0 14.0
230 0.0 0.0 0.0 0.0 15.0 6.0 2.0 7.0
231 0.0 0.0 0.0 0.0 21.0 7.0 2.0 12.0
232 0.0 0.0 0.0 0.0 19.0 9.0 2.0 8.0
233 0.0 0.0 0.0 0.0 24.0 19.0 2.0 3.0
234 0.0 0.0 0.0 0.0 17.0 14.0 3.0 0.0
235 0.0 0.0 0.0 0.0 23.0 20.0 0.0 3.0
236 0.0 0.0 0.0 0.0 30.0 20.0 0.0 10.0
237 0.0 0.0 0.0 0.0 21.0 8.0 5.0 8.0
238 0.0 0.0 0.0 0.0 20.0 15.0 3.0 2.0
239 0.0 0.0 0.0 0.0 36.0 18.0 16.0 2.0
240 0.0 0.0 0.0 0.0 26.0 10.0 11.0 5.0
241 0.0 0.0 0.0 0.0 24.0 5.0 5.0 14.0
242 0.0 0.0 0.0 0.0 21.0 12.0 0.0 9.0
243 0.0 0.0 0.0 0.0 19.0 14.0 0.0 5.0
244 0.0 0.0 0.0 0.0 25.0 15.0 5.0 5.0
245 0.0 0.0 0.0 0.0 17.0 11.0 2.0 4.0
246 0.0 0.0 0.0 0.0 12.0 5.0 0.0 7.0
247 0.0 0.0 0.0 0.0 13.0 7.0 0.0 6.0
248 0.0 0.0 0.0 0.0 18.0 4.0 1.0 13.0
249 0.0 0.0 0.0 0.0 15.0 3.0 7.0 5.0
250 0.0 0.0 0.0 0.0 13.0 8.0 3.0 2.0
251 0.0 0.0 0.0 0.0 24.0 16.0 4.0 4.0
252 0.0 0.0 0.0 0.0 14.0 13.0 1.0 0.0
253 0.0 0.0 0.0 0.0 6.0 5.0 0.0 1.0
254 0.0 0.0 0.0 0.0 412.0 134.0 241.0 37.0
