#/mnt/nas-sph/120_anisotropy_evolution/D0001175_SEG_ADTHRESHOLD_SCALED2.aim
#xdim 198
#ydim 198
#zdim 198
#el_size 0.054 mm
#ice_vol_frac 0.269437693948 
#mean_cl_ice 6.32177412286 mean_cl_ice_x 6.26465760482 mean_cl_ice_y 6.31707059236 mean_cl_ice_z 6.38473937266 mean_cl_pore 16.1540944193 mean_cl_pore_x 16.0684542193 mean_cl_pore_y 16.0764714554 mean_cl_pore_z 16.3198728003
#mean_cl_squared_ice 63.8126382224 mean_cl_squared_ice_x 62.2526044319 mean_cl_squared_ice_y 63.3331208998 mean_cl_squared_ice_z 65.8872288789 	mean_cl_squared_pore 558.062386947 mean_cl_squared_pore_x 539.508999156 mean_cl_squared_pore_y 533.227996916 mean_cl_squared_pore_z 602.116462581
#i l_ice l_ice_x l_ice_y l_ice_z l_pore l_pore_x l_pore_y l_pore_z
0 0.0 0.0 0.0 0.0 0.0 0.0 0.0 0.0
1 86075.0 28547.0 28253.0 29275.0 81842.0 25797.0 25668.0 30377.0
2 118047.0 39383.0 38849.0 39815.0 84461.0 26502.0 26093.0 31866.0
3 128785.0 43849.0 42901.0 42035.0 66773.0 20880.0 21576.0 24317.0
4 115422.0 39733.0 38674.0 37015.0 55394.0 18012.0 18542.0 18840.0
5 97688.0 33252.0 33320.0 31116.0 48204.0 16087.0 16252.0 15865.0
6 80877.0 27277.0 27551.0 26049.0 44168.0 15018.0 14825.0 14325.0
7 66494.0 22568.0 22575.0 21351.0 40194.0 13811.0 13830.0 12553.0
8 54866.0 18880.0 18130.0 17856.0 37365.0 13212.0 13030.0 11123.0
9 45032.0 15149.0 14901.0 14982.0 35460.0 12658.0 12447.0 10355.0
10 37142.0 12437.0 12080.0 12625.0 33627.0 12211.0 11525.0 9891.0
11 30824.0 10102.0 10174.0 10548.0 30953.0 10908.0 10734.0 9311.0
12 25270.0 8176.0 8381.0 8713.0 28603.0 9876.0 10013.0 8714.0
13 20341.0 6621.0 6727.0 6993.0 26965.0 9349.0 9488.0 8128.0
14 16507.0 5515.0 5356.0 5636.0 25084.0 8811.0 8760.0 7513.0
15 13751.0 4641.0 4552.0 4558.0 23640.0 8154.0 8219.0 7267.0
16 10937.0 3623.0 3711.0 3603.0 22200.0 7847.0 7536.0 6817.0
17 8927.0 2970.0 3037.0 2920.0 21143.0 7376.0 7226.0 6541.0
18 7154.0 2257.0 2471.0 2426.0 19883.0 7089.0 6786.0 6008.0
19 5967.0 1832.0 2179.0 1956.0 18629.0 6649.0 6369.0 5611.0
20 4473.0 1431.0 1562.0 1480.0 17181.0 6064.0 5970.0 5147.0
21 3678.0 1153.0 1171.0 1354.0 16275.0 5567.0 5789.0 4919.0
22 2957.0 909.0 921.0 1127.0 15445.0 5349.0 5286.0 4810.0
23 2420.0 757.0 846.0 817.0 14816.0 5099.0 5150.0 4567.0
24 1886.0 656.0 581.0 649.0 13836.0 4652.0 4868.0 4316.0
25 1379.0 464.0 438.0 477.0 13313.0 4571.0 4411.0 4331.0
26 1036.0 338.0 331.0 367.0 12561.0 4330.0 4181.0 4050.0
27 929.0 291.0 287.0 351.0 11680.0 3969.0 3976.0 3735.0
28 709.0 207.0 238.0 264.0 10963.0 3821.0 3698.0 3444.0
29 625.0 160.0 227.0 238.0 10292.0 3510.0 3555.0 3227.0
30 468.0 133.0 156.0 179.0 9695.0 3272.0 3474.0 2949.0
31 368.0 91.0 136.0 141.0 9361.0 3129.0 3254.0 2978.0
32 276.0 70.0 97.0 109.0 8911.0 3030.0 3149.0 2732.0
33 245.0 69.0 68.0 108.0 8298.0 2837.0 2845.0 2616.0
34 158.0 44.0 46.0 68.0 7923.0 2764.0 2732.0 2427.0
35 131.0 43.0 31.0 57.0 7332.0 2480.0 2548.0 2304.0
36 120.0 34.0 21.0 65.0 6940.0 2253.0 2401.0 2286.0
37 106.0 28.0 21.0 57.0 6384.0 2019.0 2170.0 2195.0
38 82.0 25.0 19.0 38.0 5977.0 1811.0 2007.0 2159.0
39 64.0 23.0 12.0 29.0 5612.0 1788.0 1942.0 1882.0
40 45.0 17.0 3.0 25.0 5100.0 1602.0 1700.0 1798.0
41 61.0 41.0 3.0 17.0 4931.0 1649.0 1591.0 1691.0
42 35.0 22.0 1.0 12.0 4705.0 1600.0 1517.0 1588.0
43 33.0 13.0 4.0 16.0 4264.0 1404.0 1415.0 1445.0
44 28.0 8.0 7.0 13.0 3991.0 1315.0 1313.0 1363.0
45 9.0 2.0 2.0 5.0 3885.0 1320.0 1179.0 1386.0
46 21.0 3.0 10.0 8.0 3668.0 1268.0 1145.0 1255.0
47 10.0 4.0 2.0 4.0 3445.0 1122.0 1145.0 1178.0
48 6.0 1.0 3.0 2.0 3088.0 918.0 1098.0 1072.0
49 7.0 1.0 2.0 4.0 2911.0 870.0 989.0 1052.0
50 6.0 1.0 2.0 3.0 2822.0 897.0 974.0 951.0
51 10.0 2.0 4.0 4.0 2895.0 937.0 902.0 1056.0
52 5.0 1.0 2.0 2.0 2700.0 844.0 851.0 1005.0
53 4.0 0.0 0.0 4.0 2606.0 828.0 842.0 936.0
54 4.0 0.0 1.0 3.0 2478.0 805.0 777.0 896.0
55 9.0 0.0 5.0 4.0 2214.0 688.0 764.0 762.0
56 2.0 0.0 1.0 1.0 2223.0 683.0 780.0 760.0
57 0.0 0.0 0.0 0.0 2030.0 614.0 709.0 707.0
58 1.0 0.0 0.0 1.0 1814.0 579.0 557.0 678.0
59 1.0 0.0 1.0 0.0 1814.0 595.0 538.0 681.0
60 0.0 0.0 0.0 0.0 1720.0 543.0 483.0 694.0
61 0.0 0.0 0.0 0.0 1562.0 491.0 474.0 597.0
62 0.0 0.0 0.0 0.0 1517.0 425.0 512.0 580.0
63 0.0 0.0 0.0 0.0 1368.0 397.0 416.0 555.0
64 0.0 0.0 0.0 0.0 1370.0 398.0 423.0 549.0
65 0.0 0.0 0.0 0.0 1291.0 361.0 392.0 538.0
66 0.0 0.0 0.0 0.0 1136.0 324.0 370.0 442.0
67 0.0 0.0 0.0 0.0 1124.0 290.0 401.0 433.0
68 0.0 0.0 0.0 0.0 1108.0 306.0 366.0 436.0
69 0.0 0.0 0.0 0.0 1131.0 372.0 363.0 396.0
70 0.0 0.0 0.0 0.0 1070.0 347.0 331.0 392.0
71 0.0 0.0 0.0 0.0 964.0 314.0 294.0 356.0
72 0.0 0.0 0.0 0.0 810.0 249.0 252.0 309.0
73 0.0 0.0 0.0 0.0 757.0 220.0 253.0 284.0
74 0.0 0.0 0.0 0.0 747.0 227.0 219.0 301.0
75 0.0 0.0 0.0 0.0 795.0 274.0 250.0 271.0
76 0.0 0.0 0.0 0.0 673.0 192.0 211.0 270.0
77 0.0 0.0 0.0 0.0 677.0 218.0 180.0 279.0
78 0.0 0.0 0.0 0.0 643.0 209.0 178.0 256.0
79 0.0 0.0 0.0 0.0 627.0 173.0 175.0 279.0
80 0.0 0.0 0.0 0.0 538.0 183.0 115.0 240.0
81 0.0 0.0 0.0 0.0 627.0 208.0 162.0 257.0
82 0.0 0.0 0.0 0.0 570.0 173.0 148.0 249.0
83 0.0 0.0 0.0 0.0 434.0 155.0 140.0 139.0
84 0.0 0.0 0.0 0.0 399.0 151.0 115.0 133.0
85 0.0 0.0 0.0 0.0 423.0 141.0 146.0 136.0
86 0.0 0.0 0.0 0.0 464.0 139.0 127.0 198.0
87 0.0 0.0 0.0 0.0 432.0 156.0 98.0 178.0
88 0.0 0.0 0.0 0.0 387.0 126.0 112.0 149.0
89 0.0 0.0 0.0 0.0 349.0 100.0 112.0 137.0
90 0.0 0.0 0.0 0.0 306.0 90.0 87.0 129.0
91 0.0 0.0 0.0 0.0 303.0 103.0 85.0 115.0
92 0.0 0.0 0.0 0.0 306.0 111.0 83.0 112.0
93 0.0 0.0 0.0 0.0 254.0 84.0 70.0 100.0
94 0.0 0.0 0.0 0.0 302.0 120.0 71.0 111.0
95 0.0 0.0 0.0 0.0 283.0 100.0 68.0 115.0
96 0.0 0.0 0.0 0.0 233.0 84.0 60.0 89.0
97 0.0 0.0 0.0 0.0 225.0 79.0 54.0 92.0
98 0.0 0.0 0.0 0.0 249.0 67.0 85.0 97.0
99 0.0 0.0 0.0 0.0 206.0 64.0 62.0 80.0
100 0.0 0.0 0.0 0.0 231.0 76.0 78.0 77.0
101 0.0 0.0 0.0 0.0 220.0 49.0 73.0 98.0
102 0.0 0.0 0.0 0.0 203.0 44.0 83.0 76.0
103 0.0 0.0 0.0 0.0 183.0 40.0 81.0 62.0
104 0.0 0.0 0.0 0.0 170.0 41.0 63.0 66.0
105 0.0 0.0 0.0 0.0 151.0 31.0 47.0 73.0
106 0.0 0.0 0.0 0.0 115.0 31.0 30.0 54.0
107 0.0 0.0 0.0 0.0 99.0 35.0 19.0 45.0
108 0.0 0.0 0.0 0.0 93.0 29.0 24.0 40.0
109 0.0 0.0 0.0 0.0 115.0 20.0 37.0 58.0
110 0.0 0.0 0.0 0.0 123.0 25.0 37.0 61.0
111 0.0 0.0 0.0 0.0 120.0 33.0 36.0 51.0
112 0.0 0.0 0.0 0.0 125.0 28.0 43.0 54.0
113 0.0 0.0 0.0 0.0 108.0 24.0 47.0 37.0
114 0.0 0.0 0.0 0.0 79.0 22.0 29.0 28.0
115 0.0 0.0 0.0 0.0 72.0 25.0 22.0 25.0
116 0.0 0.0 0.0 0.0 79.0 22.0 23.0 34.0
117 0.0 0.0 0.0 0.0 58.0 17.0 9.0 32.0
118 0.0 0.0 0.0 0.0 63.0 18.0 23.0 22.0
119 0.0 0.0 0.0 0.0 54.0 21.0 14.0 19.0
120 0.0 0.0 0.0 0.0 84.0 34.0 27.0 23.0
121 0.0 0.0 0.0 0.0 53.0 24.0 11.0 18.0
122 0.0 0.0 0.0 0.0 34.0 16.0 6.0 12.0
123 0.0 0.0 0.0 0.0 40.0 19.0 4.0 17.0
124 0.0 0.0 0.0 0.0 39.0 17.0 6.0 16.0
125 0.0 0.0 0.0 0.0 48.0 16.0 11.0 21.0
126 0.0 0.0 0.0 0.0 47.0 11.0 11.0 25.0
127 0.0 0.0 0.0 0.0 28.0 5.0 8.0 15.0
128 0.0 0.0 0.0 0.0 54.0 20.0 9.0 25.0
129 0.0 0.0 0.0 0.0 52.0 16.0 19.0 17.0
130 0.0 0.0 0.0 0.0 46.0 14.0 9.0 23.0
131 0.0 0.0 0.0 0.0 69.0 12.0 16.0 41.0
132 0.0 0.0 0.0 0.0 51.0 9.0 6.0 36.0
133 0.0 0.0 0.0 0.0 40.0 15.0 13.0 12.0
134 0.0 0.0 0.0 0.0 32.0 6.0 11.0 15.0
135 0.0 0.0 0.0 0.0 40.0 3.0 13.0 24.0
136 0.0 0.0 0.0 0.0 11.0 1.0 6.0 4.0
137 0.0 0.0 0.0 0.0 20.0 2.0 4.0 14.0
138 0.0 0.0 0.0 0.0 21.0 8.0 2.0 11.0
139 0.0 0.0 0.0 0.0 13.0 3.0 1.0 9.0
140 0.0 0.0 0.0 0.0 13.0 4.0 0.0 9.0
141 0.0 0.0 0.0 0.0 17.0 3.0 3.0 11.0
142 0.0 0.0 0.0 0.0 20.0 2.0 0.0 18.0
143 0.0 0.0 0.0 0.0 19.0 2.0 1.0 16.0
144 0.0 0.0 0.0 0.0 13.0 1.0 2.0 10.0
145 0.0 0.0 0.0 0.0 18.0 3.0 3.0 12.0
146 0.0 0.0 0.0 0.0 16.0 8.0 1.0 7.0
147 0.0 0.0 0.0 0.0 10.0 1.0 2.0 7.0
148 0.0 0.0 0.0 0.0 9.0 1.0 1.0 7.0
149 0.0 0.0 0.0 0.0 17.0 4.0 3.0 10.0
150 0.0 0.0 0.0 0.0 16.0 3.0 5.0 8.0
151 0.0 0.0 0.0 0.0 14.0 8.0 6.0 0.0
152 0.0 0.0 0.0 0.0 21.0 4.0 11.0 6.0
153 0.0 0.0 0.0 0.0 17.0 4.0 4.0 9.0
154 0.0 0.0 0.0 0.0 9.0 4.0 1.0 4.0
155 0.0 0.0 0.0 0.0 10.0 4.0 2.0 4.0
156 0.0 0.0 0.0 0.0 17.0 3.0 4.0 10.0
157 0.0 0.0 0.0 0.0 18.0 1.0 5.0 12.0
158 0.0 0.0 0.0 0.0 12.0 5.0 0.0 7.0
159 0.0 0.0 0.0 0.0 18.0 10.0 1.0 7.0
160 0.0 0.0 0.0 0.0 21.0 13.0 2.0 6.0
161 0.0 0.0 0.0 0.0 14.0 4.0 3.0 7.0
162 0.0 0.0 0.0 0.0 11.0 4.0 4.0 3.0
163 0.0 0.0 0.0 0.0 10.0 2.0 4.0 4.0
164 0.0 0.0 0.0 0.0 4.0 2.0 0.0 2.0
165 0.0 0.0 0.0 0.0 2.0 2.0 0.0 0.0
166 0.0 0.0 0.0 0.0 12.0 10.0 0.0 2.0
167 0.0 0.0 0.0 0.0 10.0 5.0 2.0 3.0
168 0.0 0.0 0.0 0.0 15.0 7.0 1.0 7.0
169 0.0 0.0 0.0 0.0 8.0 5.0 0.0 3.0
170 0.0 0.0 0.0 0.0 7.0 5.0 1.0 1.0
171 0.0 0.0 0.0 0.0 8.0 4.0 1.0 3.0
172 0.0 0.0 0.0 0.0 6.0 0.0 0.0 6.0
173 0.0 0.0 0.0 0.0 7.0 0.0 0.0 7.0
174 0.0 0.0 0.0 0.0 9.0 1.0 0.0 8.0
175 0.0 0.0 0.0 0.0 4.0 2.0 0.0 2.0
176 0.0 0.0 0.0 0.0 2.0 2.0 0.0 0.0
177 0.0 0.0 0.0 0.0 6.0 3.0 0.0 3.0
178 0.0 0.0 0.0 0.0 6.0 1.0 1.0 4.0
179 0.0 0.0 0.0 0.0 4.0 3.0 0.0 1.0
180 0.0 0.0 0.0 0.0 2.0 1.0 0.0 1.0
181 0.0 0.0 0.0 0.0 2.0 1.0 0.0 1.0
182 0.0 0.0 0.0 0.0 1.0 0.0 0.0 1.0
183 0.0 0.0 0.0 0.0 1.0 1.0 0.0 0.0
184 0.0 0.0 0.0 0.0 1.0 1.0 0.0 0.0
185 0.0 0.0 0.0 0.0 1.0 0.0 0.0 1.0
186 0.0 0.0 0.0 0.0 0.0 0.0 0.0 0.0
187 0.0 0.0 0.0 0.0 4.0 0.0 0.0 4.0
188 0.0 0.0 0.0 0.0 3.0 0.0 0.0 3.0
189 0.0 0.0 0.0 0.0 1.0 0.0 0.0 1.0
190 0.0 0.0 0.0 0.0 0.0 0.0 0.0 0.0
191 0.0 0.0 0.0 0.0 0.0 0.0 0.0 0.0
192 0.0 0.0 0.0 0.0 0.0 0.0 0.0 0.0
193 0.0 0.0 0.0 0.0 0.0 0.0 0.0 0.0
194 0.0 0.0 0.0 0.0 0.0 0.0 0.0 0.0
195 0.0 0.0 0.0 0.0 1.0 0.0 0.0 1.0
196 0.0 0.0 0.0 0.0 0.0 0.0 0.0 0.0
197 0.0 0.0 0.0 0.0 0.0 0.0 0.0 0.0
198 0.0 0.0 0.0 0.0 36.0 22.0 7.0 7.0
