#/mnt/nas-sph/120_anisotropy_evolution/D0001129_SEG_ADTHRESHOLD_SCALED2.aim
#xdim 198
#ydim 198
#zdim 198
#el_size 0.054 mm
#ice_vol_frac 0.21279316994 
#mean_cl_ice 4.61044463673 mean_cl_ice_x 4.67183690555 mean_cl_ice_y 4.74934443575 mean_cl_ice_z 4.4229681676 mean_cl_pore 15.9244043927 mean_cl_pore_x 16.1884990966 mean_cl_pore_y 16.3307516743 mean_cl_pore_z 15.2943379037
#mean_cl_squared_ice 34.9540458314 mean_cl_squared_ice_x 35.8532478038 mean_cl_squared_ice_y 37.3188342458 mean_cl_squared_ice_z 31.9004648473 	mean_cl_squared_pore 542.900611374 mean_cl_squared_pore_x 555.261316251 mean_cl_squared_pore_y 565.337427641 mean_cl_squared_pore_z 510.209754364
#i l_ice l_ice_x l_ice_y l_ice_z l_pore l_pore_x l_pore_y l_pore_z
0 0.0 0.0 0.0 0.0 0.0 0.0 0.0 0.0
1 194638.0 63411.0 61711.0 69516.0 123050.0 39239.0 38836.0 44975.0
2 182911.0 59313.0 57554.0 66044.0 93454.0 28787.0 28723.0 35944.0
3 153035.0 49807.0 48620.0 54608.0 67126.0 20894.0 21033.0 25199.0
4 122980.0 39939.0 39652.0 43389.0 55557.0 17581.0 17965.0 20011.0
5 97028.0 31899.0 31332.0 33797.0 48291.0 15454.0 15847.0 16990.0
6 75701.0 25156.0 24412.0 26133.0 43751.0 14321.0 14570.0 14860.0
7 59078.0 19829.0 18876.0 20373.0 41095.0 13693.0 13658.0 13744.0
8 45613.0 15174.0 14919.0 15520.0 38126.0 12794.0 12395.0 12937.0
9 34828.0 11790.0 11469.0 11569.0 36049.0 12327.0 11476.0 12246.0
10 26657.0 8919.0 9162.0 8576.0 34064.0 11355.0 11165.0 11544.0
11 20402.0 6801.0 7211.0 6390.0 32435.0 11007.0 10560.0 10868.0
12 15522.0 5303.0 5508.0 4711.0 30501.0 9974.0 10163.0 10364.0
13 11689.0 4027.0 4358.0 3304.0 28652.0 9678.0 9249.0 9725.0
14 9090.0 3235.0 3402.0 2453.0 27017.0 9227.0 8755.0 9035.0
15 6777.0 2358.0 2558.0 1861.0 25270.0 8599.0 8323.0 8348.0
16 4905.0 1718.0 1840.0 1347.0 24120.0 8116.0 7815.0 8189.0
17 3634.0 1354.0 1272.0 1008.0 22688.0 7732.0 7264.0 7692.0
18 2776.0 1031.0 974.0 771.0 21748.0 7148.0 7146.0 7454.0
19 1994.0 724.0 800.0 470.0 20355.0 6705.0 6667.0 6983.0
20 1445.0 474.0 578.0 393.0 18802.0 6144.0 6270.0 6388.0
21 1086.0 350.0 398.0 338.0 17552.0 5816.0 5798.0 5938.0
22 849.0 255.0 338.0 256.0 16685.0 5593.0 5294.0 5798.0
23 612.0 202.0 241.0 169.0 15693.0 5314.0 5068.0 5311.0
24 435.0 145.0 175.0 115.0 15299.0 5233.0 4771.0 5295.0
25 286.0 94.0 103.0 89.0 14448.0 4999.0 4554.0 4895.0
26 213.0 54.0 81.0 78.0 13612.0 4654.0 4420.0 4538.0
27 142.0 35.0 66.0 41.0 12775.0 4316.0 4151.0 4308.0
28 109.0 36.0 39.0 34.0 11961.0 4088.0 3847.0 4026.0
29 90.0 23.0 36.0 31.0 11519.0 3982.0 3704.0 3833.0
30 73.0 28.0 28.0 17.0 10879.0 3843.0 3524.0 3512.0
31 62.0 25.0 26.0 11.0 10078.0 3390.0 3256.0 3432.0
32 37.0 12.0 14.0 11.0 9616.0 3209.0 3170.0 3237.0
33 31.0 11.0 13.0 7.0 9082.0 3091.0 2924.0 3067.0
34 26.0 13.0 6.0 7.0 8726.0 2897.0 2810.0 3019.0
35 11.0 6.0 1.0 4.0 8030.0 2551.0 2745.0 2734.0
36 17.0 4.0 6.0 7.0 7461.0 2367.0 2535.0 2559.0
37 9.0 2.0 4.0 3.0 7214.0 2281.0 2412.0 2521.0
38 7.0 3.0 3.0 1.0 6642.0 2082.0 2229.0 2331.0
39 2.0 1.0 1.0 0.0 6419.0 2201.0 2088.0 2130.0
40 5.0 0.0 5.0 0.0 6081.0 1971.0 2014.0 2096.0
41 2.0 1.0 0.0 1.0 5595.0 1824.0 1856.0 1915.0
42 0.0 0.0 0.0 0.0 5152.0 1632.0 1811.0 1709.0
43 0.0 0.0 0.0 0.0 4734.0 1558.0 1636.0 1540.0
44 0.0 0.0 0.0 0.0 4635.0 1487.0 1619.0 1529.0
45 2.0 0.0 0.0 2.0 4426.0 1411.0 1511.0 1504.0
46 1.0 0.0 0.0 1.0 4070.0 1325.0 1447.0 1298.0
47 0.0 0.0 0.0 0.0 3952.0 1262.0 1492.0 1198.0
48 0.0 0.0 0.0 0.0 3845.0 1220.0 1365.0 1260.0
49 0.0 0.0 0.0 0.0 3609.0 1168.0 1281.0 1160.0
50 0.0 0.0 0.0 0.0 3253.0 1152.0 1105.0 996.0
51 0.0 0.0 0.0 0.0 2997.0 998.0 1074.0 925.0
52 0.0 0.0 0.0 0.0 2760.0 901.0 1032.0 827.0
53 0.0 0.0 0.0 0.0 2545.0 809.0 948.0 788.0
54 0.0 0.0 0.0 0.0 2525.0 810.0 916.0 799.0
55 0.0 0.0 0.0 0.0 2242.0 766.0 816.0 660.0
56 0.0 0.0 0.0 0.0 2281.0 753.0 845.0 683.0
57 0.0 0.0 0.0 0.0 2211.0 768.0 782.0 661.0
58 0.0 0.0 0.0 0.0 2162.0 704.0 800.0 658.0
59 0.0 0.0 0.0 0.0 1914.0 629.0 688.0 597.0
60 0.0 0.0 0.0 0.0 1902.0 613.0 690.0 599.0
61 0.0 0.0 0.0 0.0 1851.0 585.0 705.0 561.0
62 0.0 0.0 0.0 0.0 1618.0 511.0 617.0 490.0
63 0.0 0.0 0.0 0.0 1622.0 526.0 616.0 480.0
64 0.0 0.0 0.0 0.0 1450.0 493.0 541.0 416.0
65 0.0 0.0 0.0 0.0 1425.0 496.0 519.0 410.0
66 0.0 0.0 0.0 0.0 1303.0 456.0 473.0 374.0
67 0.0 0.0 0.0 0.0 1255.0 382.0 470.0 403.0
68 0.0 0.0 0.0 0.0 1290.0 412.0 444.0 434.0
69 0.0 0.0 0.0 0.0 1215.0 455.0 430.0 330.0
70 0.0 0.0 0.0 0.0 1148.0 399.0 396.0 353.0
71 0.0 0.0 0.0 0.0 1156.0 420.0 405.0 331.0
72 0.0 0.0 0.0 0.0 1032.0 382.0 368.0 282.0
73 0.0 0.0 0.0 0.0 994.0 353.0 360.0 281.0
74 0.0 0.0 0.0 0.0 870.0 292.0 331.0 247.0
75 0.0 0.0 0.0 0.0 760.0 235.0 251.0 274.0
76 0.0 0.0 0.0 0.0 726.0 220.0 218.0 288.0
77 0.0 0.0 0.0 0.0 693.0 205.0 203.0 285.0
78 0.0 0.0 0.0 0.0 714.0 197.0 257.0 260.0
79 0.0 0.0 0.0 0.0 617.0 212.0 175.0 230.0
80 0.0 0.0 0.0 0.0 634.0 219.0 217.0 198.0
81 0.0 0.0 0.0 0.0 576.0 219.0 188.0 169.0
82 0.0 0.0 0.0 0.0 485.0 179.0 156.0 150.0
83 0.0 0.0 0.0 0.0 531.0 227.0 161.0 143.0
84 0.0 0.0 0.0 0.0 539.0 195.0 188.0 156.0
85 0.0 0.0 0.0 0.0 485.0 185.0 134.0 166.0
86 0.0 0.0 0.0 0.0 471.0 164.0 118.0 189.0
87 0.0 0.0 0.0 0.0 387.0 136.0 113.0 138.0
88 0.0 0.0 0.0 0.0 340.0 125.0 115.0 100.0
89 0.0 0.0 0.0 0.0 339.0 131.0 122.0 86.0
90 0.0 0.0 0.0 0.0 317.0 135.0 105.0 77.0
91 0.0 0.0 0.0 0.0 324.0 94.0 109.0 121.0
92 0.0 0.0 0.0 0.0 334.0 101.0 131.0 102.0
93 0.0 0.0 0.0 0.0 300.0 91.0 109.0 100.0
94 0.0 0.0 0.0 0.0 279.0 76.0 102.0 101.0
95 0.0 0.0 0.0 0.0 281.0 88.0 109.0 84.0
96 0.0 0.0 0.0 0.0 249.0 85.0 74.0 90.0
97 0.0 0.0 0.0 0.0 203.0 73.0 71.0 59.0
98 0.0 0.0 0.0 0.0 193.0 61.0 63.0 69.0
99 0.0 0.0 0.0 0.0 184.0 57.0 70.0 57.0
100 0.0 0.0 0.0 0.0 181.0 68.0 57.0 56.0
101 0.0 0.0 0.0 0.0 143.0 67.0 38.0 38.0
102 0.0 0.0 0.0 0.0 186.0 70.0 70.0 46.0
103 0.0 0.0 0.0 0.0 147.0 51.0 55.0 41.0
104 0.0 0.0 0.0 0.0 173.0 57.0 58.0 58.0
105 0.0 0.0 0.0 0.0 193.0 46.0 64.0 83.0
106 0.0 0.0 0.0 0.0 187.0 55.0 52.0 80.0
107 0.0 0.0 0.0 0.0 139.0 32.0 52.0 55.0
108 0.0 0.0 0.0 0.0 109.0 37.0 37.0 35.0
109 0.0 0.0 0.0 0.0 105.0 41.0 38.0 26.0
110 0.0 0.0 0.0 0.0 104.0 33.0 35.0 36.0
111 0.0 0.0 0.0 0.0 99.0 34.0 21.0 44.0
112 0.0 0.0 0.0 0.0 90.0 29.0 20.0 41.0
113 0.0 0.0 0.0 0.0 87.0 30.0 15.0 42.0
114 0.0 0.0 0.0 0.0 60.0 29.0 13.0 18.0
115 0.0 0.0 0.0 0.0 91.0 39.0 24.0 28.0
116 0.0 0.0 0.0 0.0 72.0 26.0 27.0 19.0
117 0.0 0.0 0.0 0.0 58.0 21.0 16.0 21.0
118 0.0 0.0 0.0 0.0 97.0 32.0 23.0 42.0
119 0.0 0.0 0.0 0.0 69.0 31.0 20.0 18.0
120 0.0 0.0 0.0 0.0 49.0 14.0 19.0 16.0
121 0.0 0.0 0.0 0.0 41.0 15.0 19.0 7.0
122 0.0 0.0 0.0 0.0 35.0 9.0 16.0 10.0
123 0.0 0.0 0.0 0.0 32.0 8.0 18.0 6.0
124 0.0 0.0 0.0 0.0 29.0 13.0 9.0 7.0
125 0.0 0.0 0.0 0.0 37.0 12.0 15.0 10.0
126 0.0 0.0 0.0 0.0 37.0 11.0 17.0 9.0
127 0.0 0.0 0.0 0.0 35.0 12.0 15.0 8.0
128 0.0 0.0 0.0 0.0 34.0 13.0 18.0 3.0
129 0.0 0.0 0.0 0.0 26.0 6.0 13.0 7.0
130 0.0 0.0 0.0 0.0 19.0 7.0 10.0 2.0
131 0.0 0.0 0.0 0.0 17.0 8.0 7.0 2.0
132 0.0 0.0 0.0 0.0 26.0 9.0 5.0 12.0
133 0.0 0.0 0.0 0.0 23.0 5.0 3.0 15.0
134 0.0 0.0 0.0 0.0 22.0 7.0 6.0 9.0
135 0.0 0.0 0.0 0.0 25.0 6.0 5.0 14.0
136 0.0 0.0 0.0 0.0 40.0 17.0 15.0 8.0
137 0.0 0.0 0.0 0.0 25.0 12.0 7.0 6.0
138 0.0 0.0 0.0 0.0 10.0 2.0 5.0 3.0
139 0.0 0.0 0.0 0.0 14.0 7.0 4.0 3.0
140 0.0 0.0 0.0 0.0 22.0 11.0 7.0 4.0
141 0.0 0.0 0.0 0.0 22.0 9.0 9.0 4.0
142 0.0 0.0 0.0 0.0 23.0 7.0 11.0 5.0
143 0.0 0.0 0.0 0.0 29.0 10.0 5.0 14.0
144 0.0 0.0 0.0 0.0 17.0 7.0 3.0 7.0
145 0.0 0.0 0.0 0.0 16.0 9.0 5.0 2.0
146 0.0 0.0 0.0 0.0 13.0 8.0 2.0 3.0
147 0.0 0.0 0.0 0.0 10.0 6.0 4.0 0.0
148 0.0 0.0 0.0 0.0 12.0 6.0 0.0 6.0
149 0.0 0.0 0.0 0.0 10.0 3.0 3.0 4.0
150 0.0 0.0 0.0 0.0 6.0 4.0 0.0 2.0
151 0.0 0.0 0.0 0.0 9.0 5.0 2.0 2.0
152 0.0 0.0 0.0 0.0 8.0 5.0 0.0 3.0
153 0.0 0.0 0.0 0.0 7.0 4.0 1.0 2.0
154 0.0 0.0 0.0 0.0 6.0 3.0 1.0 2.0
155 0.0 0.0 0.0 0.0 7.0 5.0 2.0 0.0
156 0.0 0.0 0.0 0.0 4.0 3.0 0.0 1.0
157 0.0 0.0 0.0 0.0 3.0 2.0 0.0 1.0
158 0.0 0.0 0.0 0.0 3.0 0.0 0.0 3.0
159 0.0 0.0 0.0 0.0 4.0 1.0 1.0 2.0
160 0.0 0.0 0.0 0.0 2.0 1.0 0.0 1.0
161 0.0 0.0 0.0 0.0 3.0 2.0 0.0 1.0
162 0.0 0.0 0.0 0.0 4.0 2.0 1.0 1.0
163 0.0 0.0 0.0 0.0 0.0 0.0 0.0 0.0
164 0.0 0.0 0.0 0.0 5.0 3.0 2.0 0.0
165 0.0 0.0 0.0 0.0 2.0 1.0 0.0 1.0
166 0.0 0.0 0.0 0.0 1.0 0.0 0.0 1.0
167 0.0 0.0 0.0 0.0 2.0 1.0 1.0 0.0
168 0.0 0.0 0.0 0.0 0.0 0.0 0.0 0.0
169 0.0 0.0 0.0 0.0 1.0 1.0 0.0 0.0
170 0.0 0.0 0.0 0.0 1.0 0.0 0.0 1.0
171 0.0 0.0 0.0 0.0 2.0 1.0 0.0 1.0
172 0.0 0.0 0.0 0.0 1.0 1.0 0.0 0.0
173 0.0 0.0 0.0 0.0 5.0 3.0 2.0 0.0
174 0.0 0.0 0.0 0.0 6.0 3.0 3.0 0.0
175 0.0 0.0 0.0 0.0 6.0 1.0 4.0 1.0
176 0.0 0.0 0.0 0.0 1.0 1.0 0.0 0.0
177 0.0 0.0 0.0 0.0 1.0 0.0 0.0 1.0
178 0.0 0.0 0.0 0.0 1.0 0.0 1.0 0.0
179 0.0 0.0 0.0 0.0 0.0 0.0 0.0 0.0
180 0.0 0.0 0.0 0.0 0.0 0.0 0.0 0.0
181 0.0 0.0 0.0 0.0 0.0 0.0 0.0 0.0
182 0.0 0.0 0.0 0.0 0.0 0.0 0.0 0.0
183 0.0 0.0 0.0 0.0 0.0 0.0 0.0 0.0
184 0.0 0.0 0.0 0.0 0.0 0.0 0.0 0.0
185 0.0 0.0 0.0 0.0 2.0 0.0 2.0 0.0
186 0.0 0.0 0.0 0.0 1.0 0.0 1.0 0.0
187 0.0 0.0 0.0 0.0 0.0 0.0 0.0 0.0
188 0.0 0.0 0.0 0.0 1.0 0.0 1.0 0.0
189 0.0 0.0 0.0 0.0 2.0 1.0 1.0 0.0
190 0.0 0.0 0.0 0.0 2.0 0.0 0.0 2.0
191 0.0 0.0 0.0 0.0 1.0 0.0 0.0 1.0
192 0.0 0.0 0.0 0.0 0.0 0.0 0.0 0.0
193 0.0 0.0 0.0 0.0 0.0 0.0 0.0 0.0
194 0.0 0.0 0.0 0.0 0.0 0.0 0.0 0.0
195 0.0 0.0 0.0 0.0 1.0 0.0 0.0 1.0
196 0.0 0.0 0.0 0.0 0.0 0.0 0.0 0.0
197 0.0 0.0 0.0 0.0 1.0 0.0 0.0 1.0
198 0.0 0.0 0.0 0.0 3.0 0.0 0.0 3.0
