#/mnt/nas-sph/120_anisotropy_evolution/D0001112_SEG_ADTHRESHOLD_SCALED2.aim
#xdim 198
#ydim 198
#zdim 198
#el_size 0.054 mm
#ice_vol_frac 0.175210811307 
#mean_cl_ice 3.8734579182 mean_cl_ice_x 4.03711322457 mean_cl_ice_y 4.11070341568 mean_cl_ice_z 3.52693065712 mean_cl_pore 16.8596725151 mean_cl_pore_x 17.4818337211 mean_cl_pore_y 17.7849116774 mean_cl_pore_z 15.5015386925
#mean_cl_squared_ice 22.7200552515 mean_cl_squared_ice_x 24.5395532046 mean_cl_squared_ice_y 25.8017119178 mean_cl_squared_ice_z 18.4864711374 	mean_cl_squared_pore 584.913688041 mean_cl_squared_pore_x 622.241016525 mean_cl_squared_pore_y 661.335345443 mean_cl_squared_pore_z 485.204681209
#i l_ice l_ice_x l_ice_y l_ice_z l_pore l_pore_x l_pore_y l_pore_z
0 0.0 0.0 0.0 0.0 0.0 0.0 0.0 0.0
1 200467.0 60906.0 59942.0 79619.0 92462.0 28495.0 29470.0 34497.0
2 205289.0 61927.0 60114.0 83248.0 78464.0 23968.0 24209.0 30287.0
3 174337.0 54017.0 52256.0 68064.0 61919.0 18894.0 18939.0 24086.0
4 136442.0 43575.0 42290.0 50577.0 54441.0 16570.0 16758.0 21113.0
5 102563.0 34023.0 32624.0 35916.0 49603.0 15508.0 14991.0 19104.0
6 73685.0 25166.0 24479.0 24040.0 45851.0 14465.0 13948.0 17438.0
7 52411.0 18310.0 17909.0 16192.0 42571.0 13693.0 13113.0 15765.0
8 36105.0 12701.0 12919.0 10485.0 40799.0 12922.0 12720.0 15157.0
9 24037.0 8589.0 8886.0 6562.0 38575.0 12050.0 11970.0 14555.0
10 16279.0 6089.0 6064.0 4126.0 36046.0 11286.0 11118.0 13642.0
11 10763.0 3946.0 4254.0 2563.0 33804.0 10630.0 10435.0 12739.0
12 7189.0 2649.0 2976.0 1564.0 31958.0 10145.0 9963.0 11850.0
13 4773.0 1702.0 2076.0 995.0 30326.0 9731.0 9321.0 11274.0
14 2972.0 1027.0 1340.0 605.0 28656.0 9208.0 8764.0 10684.0
15 2123.0 774.0 903.0 446.0 26991.0 8718.0 8351.0 9922.0
16 1362.0 527.0 595.0 240.0 24860.0 8121.0 7631.0 9108.0
17 870.0 316.0 436.0 118.0 23491.0 7760.0 7074.0 8657.0
18 603.0 228.0 286.0 89.0 22526.0 7378.0 6794.0 8354.0
19 402.0 159.0 177.0 66.0 21442.0 6875.0 6551.0 8016.0
20 211.0 84.0 95.0 32.0 19979.0 6658.0 5934.0 7387.0
21 138.0 56.0 60.0 22.0 18840.0 6283.0 5723.0 6834.0
22 121.0 44.0 57.0 20.0 17774.0 5959.0 5306.0 6509.0
23 67.0 25.0 36.0 6.0 16365.0 5416.0 5022.0 5927.0
24 51.0 17.0 26.0 8.0 15693.0 5109.0 5025.0 5559.0
25 39.0 14.0 20.0 5.0 14535.0 4807.0 4718.0 5010.0
26 23.0 6.0 12.0 5.0 13648.0 4580.0 4417.0 4651.0
27 15.0 1.0 9.0 5.0 13082.0 4300.0 4354.0 4428.0
28 13.0 6.0 7.0 0.0 12522.0 4383.0 3931.0 4208.0
29 7.0 2.0 3.0 2.0 11672.0 4014.0 3726.0 3932.0
30 2.0 1.0 1.0 0.0 10947.0 3707.0 3447.0 3793.0
31 3.0 1.0 2.0 0.0 10351.0 3540.0 3193.0 3618.0
32 3.0 0.0 3.0 0.0 9877.0 3409.0 3134.0 3334.0
33 0.0 0.0 0.0 0.0 9403.0 3180.0 3057.0 3166.0
34 0.0 0.0 0.0 0.0 8812.0 2946.0 2946.0 2920.0
35 0.0 0.0 0.0 0.0 8435.0 2825.0 2776.0 2834.0
36 0.0 0.0 0.0 0.0 8105.0 2751.0 2784.0 2570.0
37 0.0 0.0 0.0 0.0 7283.0 2478.0 2455.0 2350.0
38 0.0 0.0 0.0 0.0 7191.0 2449.0 2424.0 2318.0
39 0.0 0.0 0.0 0.0 6765.0 2327.0 2310.0 2128.0
40 0.0 0.0 0.0 0.0 6191.0 2150.0 2164.0 1877.0
41 0.0 0.0 0.0 0.0 5800.0 2044.0 2065.0 1691.0
42 0.0 0.0 0.0 0.0 5657.0 1918.0 1968.0 1771.0
43 0.0 0.0 0.0 0.0 5229.0 1821.0 1807.0 1601.0
44 0.0 0.0 0.0 0.0 4923.0 1668.0 1740.0 1515.0
45 0.0 0.0 0.0 0.0 4659.0 1585.0 1676.0 1398.0
46 0.0 0.0 0.0 0.0 4400.0 1486.0 1570.0 1344.0
47 0.0 0.0 0.0 0.0 4314.0 1511.0 1466.0 1337.0
48 0.0 0.0 0.0 0.0 3968.0 1353.0 1359.0 1256.0
49 0.0 0.0 0.0 0.0 3761.0 1270.0 1255.0 1236.0
50 0.0 0.0 0.0 0.0 3675.0 1259.0 1199.0 1217.0
51 0.0 0.0 0.0 0.0 3312.0 1159.0 1072.0 1081.0
52 0.0 0.0 0.0 0.0 3143.0 1121.0 1179.0 843.0
53 0.0 0.0 0.0 0.0 3069.0 1065.0 1130.0 874.0
54 0.0 0.0 0.0 0.0 2805.0 972.0 996.0 837.0
55 0.0 0.0 0.0 0.0 2737.0 897.0 947.0 893.0
56 0.0 0.0 0.0 0.0 2612.0 869.0 926.0 817.0
57 0.0 0.0 0.0 0.0 2563.0 886.0 882.0 795.0
58 0.0 0.0 0.0 0.0 2282.0 795.0 805.0 682.0
59 0.0 0.0 0.0 0.0 2097.0 714.0 694.0 689.0
60 0.0 0.0 0.0 0.0 1907.0 594.0 695.0 618.0
61 0.0 0.0 0.0 0.0 1920.0 597.0 689.0 634.0
62 0.0 0.0 0.0 0.0 1767.0 553.0 683.0 531.0
63 0.0 0.0 0.0 0.0 1651.0 481.0 693.0 477.0
64 0.0 0.0 0.0 0.0 1562.0 498.0 596.0 468.0
65 0.0 0.0 0.0 0.0 1484.0 479.0 571.0 434.0
66 0.0 0.0 0.0 0.0 1405.0 472.0 543.0 390.0
67 0.0 0.0 0.0 0.0 1263.0 418.0 448.0 397.0
68 0.0 0.0 0.0 0.0 1235.0 424.0 456.0 355.0
69 0.0 0.0 0.0 0.0 1160.0 391.0 433.0 336.0
70 0.0 0.0 0.0 0.0 1153.0 365.0 470.0 318.0
71 0.0 0.0 0.0 0.0 1121.0 371.0 447.0 303.0
72 0.0 0.0 0.0 0.0 990.0 306.0 395.0 289.0
73 0.0 0.0 0.0 0.0 972.0 306.0 372.0 294.0
74 0.0 0.0 0.0 0.0 868.0 270.0 326.0 272.0
75 0.0 0.0 0.0 0.0 837.0 274.0 334.0 229.0
76 0.0 0.0 0.0 0.0 790.0 308.0 301.0 181.0
77 0.0 0.0 0.0 0.0 734.0 274.0 261.0 199.0
78 0.0 0.0 0.0 0.0 683.0 228.0 271.0 184.0
79 0.0 0.0 0.0 0.0 645.0 202.0 274.0 169.0
80 0.0 0.0 0.0 0.0 670.0 210.0 276.0 184.0
81 0.0 0.0 0.0 0.0 669.0 233.0 301.0 135.0
82 0.0 0.0 0.0 0.0 595.0 206.0 244.0 145.0
83 0.0 0.0 0.0 0.0 568.0 202.0 241.0 125.0
84 0.0 0.0 0.0 0.0 495.0 177.0 199.0 119.0
85 0.0 0.0 0.0 0.0 443.0 153.0 174.0 116.0
86 0.0 0.0 0.0 0.0 442.0 162.0 172.0 108.0
87 0.0 0.0 0.0 0.0 393.0 141.0 159.0 93.0
88 0.0 0.0 0.0 0.0 403.0 130.0 156.0 117.0
89 0.0 0.0 0.0 0.0 405.0 126.0 171.0 108.0
90 0.0 0.0 0.0 0.0 383.0 165.0 154.0 64.0
91 0.0 0.0 0.0 0.0 382.0 164.0 144.0 74.0
92 0.0 0.0 0.0 0.0 343.0 133.0 144.0 66.0
93 0.0 0.0 0.0 0.0 306.0 114.0 133.0 59.0
94 0.0 0.0 0.0 0.0 276.0 106.0 121.0 49.0
95 0.0 0.0 0.0 0.0 274.0 105.0 111.0 58.0
96 0.0 0.0 0.0 0.0 254.0 105.0 100.0 49.0
97 0.0 0.0 0.0 0.0 275.0 106.0 104.0 65.0
98 0.0 0.0 0.0 0.0 283.0 100.0 100.0 83.0
99 0.0 0.0 0.0 0.0 225.0 78.0 104.0 43.0
100 0.0 0.0 0.0 0.0 208.0 77.0 92.0 39.0
101 0.0 0.0 0.0 0.0 198.0 51.0 98.0 49.0
102 0.0 0.0 0.0 0.0 185.0 67.0 82.0 36.0
103 0.0 0.0 0.0 0.0 189.0 58.0 88.0 43.0
104 0.0 0.0 0.0 0.0 164.0 55.0 79.0 30.0
105 0.0 0.0 0.0 0.0 138.0 36.0 72.0 30.0
106 0.0 0.0 0.0 0.0 152.0 54.0 67.0 31.0
107 0.0 0.0 0.0 0.0 106.0 43.0 48.0 15.0
108 0.0 0.0 0.0 0.0 125.0 54.0 47.0 24.0
109 0.0 0.0 0.0 0.0 112.0 42.0 47.0 23.0
110 0.0 0.0 0.0 0.0 110.0 34.0 55.0 21.0
111 0.0 0.0 0.0 0.0 105.0 43.0 40.0 22.0
112 0.0 0.0 0.0 0.0 102.0 39.0 50.0 13.0
113 0.0 0.0 0.0 0.0 76.0 34.0 27.0 15.0
114 0.0 0.0 0.0 0.0 80.0 32.0 37.0 11.0
115 0.0 0.0 0.0 0.0 104.0 29.0 52.0 23.0
116 0.0 0.0 0.0 0.0 86.0 27.0 48.0 11.0
117 0.0 0.0 0.0 0.0 85.0 34.0 39.0 12.0
118 0.0 0.0 0.0 0.0 80.0 28.0 41.0 11.0
119 0.0 0.0 0.0 0.0 85.0 31.0 44.0 10.0
120 0.0 0.0 0.0 0.0 72.0 29.0 37.0 6.0
121 0.0 0.0 0.0 0.0 53.0 21.0 22.0 10.0
122 0.0 0.0 0.0 0.0 55.0 29.0 20.0 6.0
123 0.0 0.0 0.0 0.0 67.0 31.0 27.0 9.0
124 0.0 0.0 0.0 0.0 56.0 31.0 18.0 7.0
125 0.0 0.0 0.0 0.0 51.0 22.0 21.0 8.0
126 0.0 0.0 0.0 0.0 49.0 18.0 23.0 8.0
127 0.0 0.0 0.0 0.0 46.0 22.0 16.0 8.0
128 0.0 0.0 0.0 0.0 43.0 20.0 18.0 5.0
129 0.0 0.0 0.0 0.0 28.0 10.0 13.0 5.0
130 0.0 0.0 0.0 0.0 36.0 13.0 18.0 5.0
131 0.0 0.0 0.0 0.0 28.0 5.0 18.0 5.0
132 0.0 0.0 0.0 0.0 35.0 16.0 12.0 7.0
133 0.0 0.0 0.0 0.0 32.0 22.0 5.0 5.0
134 0.0 0.0 0.0 0.0 38.0 23.0 12.0 3.0
135 0.0 0.0 0.0 0.0 31.0 15.0 13.0 3.0
136 0.0 0.0 0.0 0.0 23.0 12.0 8.0 3.0
137 0.0 0.0 0.0 0.0 35.0 10.0 17.0 8.0
138 0.0 0.0 0.0 0.0 23.0 9.0 13.0 1.0
139 0.0 0.0 0.0 0.0 30.0 11.0 18.0 1.0
140 0.0 0.0 0.0 0.0 33.0 15.0 17.0 1.0
141 0.0 0.0 0.0 0.0 22.0 11.0 11.0 0.0
142 0.0 0.0 0.0 0.0 26.0 10.0 14.0 2.0
143 0.0 0.0 0.0 0.0 21.0 12.0 8.0 1.0
144 0.0 0.0 0.0 0.0 8.0 2.0 5.0 1.0
145 0.0 0.0 0.0 0.0 7.0 2.0 5.0 0.0
146 0.0 0.0 0.0 0.0 8.0 3.0 4.0 1.0
147 0.0 0.0 0.0 0.0 12.0 5.0 6.0 1.0
148 0.0 0.0 0.0 0.0 14.0 5.0 7.0 2.0
149 0.0 0.0 0.0 0.0 17.0 6.0 10.0 1.0
150 0.0 0.0 0.0 0.0 14.0 5.0 8.0 1.0
151 0.0 0.0 0.0 0.0 11.0 5.0 6.0 0.0
152 0.0 0.0 0.0 0.0 14.0 3.0 11.0 0.0
153 0.0 0.0 0.0 0.0 11.0 4.0 7.0 0.0
154 0.0 0.0 0.0 0.0 7.0 3.0 3.0 1.0
155 0.0 0.0 0.0 0.0 4.0 2.0 2.0 0.0
156 0.0 0.0 0.0 0.0 8.0 2.0 6.0 0.0
157 0.0 0.0 0.0 0.0 5.0 2.0 3.0 0.0
158 0.0 0.0 0.0 0.0 18.0 14.0 3.0 1.0
159 0.0 0.0 0.0 0.0 16.0 11.0 5.0 0.0
160 0.0 0.0 0.0 0.0 3.0 1.0 2.0 0.0
161 0.0 0.0 0.0 0.0 13.0 5.0 7.0 1.0
162 0.0 0.0 0.0 0.0 5.0 3.0 2.0 0.0
163 0.0 0.0 0.0 0.0 6.0 1.0 5.0 0.0
164 0.0 0.0 0.0 0.0 8.0 3.0 5.0 0.0
165 0.0 0.0 0.0 0.0 11.0 5.0 6.0 0.0
166 0.0 0.0 0.0 0.0 4.0 2.0 2.0 0.0
167 0.0 0.0 0.0 0.0 3.0 1.0 2.0 0.0
168 0.0 0.0 0.0 0.0 9.0 4.0 5.0 0.0
169 0.0 0.0 0.0 0.0 3.0 2.0 1.0 0.0
170 0.0 0.0 0.0 0.0 11.0 8.0 2.0 1.0
171 0.0 0.0 0.0 0.0 1.0 1.0 0.0 0.0
172 0.0 0.0 0.0 0.0 6.0 4.0 2.0 0.0
173 0.0 0.0 0.0 0.0 5.0 2.0 3.0 0.0
174 0.0 0.0 0.0 0.0 3.0 2.0 1.0 0.0
175 0.0 0.0 0.0 0.0 5.0 5.0 0.0 0.0
176 0.0 0.0 0.0 0.0 2.0 2.0 0.0 0.0
177 0.0 0.0 0.0 0.0 3.0 1.0 2.0 0.0
178 0.0 0.0 0.0 0.0 3.0 2.0 1.0 0.0
179 0.0 0.0 0.0 0.0 2.0 0.0 2.0 0.0
180 0.0 0.0 0.0 0.0 0.0 0.0 0.0 0.0
181 0.0 0.0 0.0 0.0 0.0 0.0 0.0 0.0
182 0.0 0.0 0.0 0.0 10.0 0.0 10.0 0.0
183 0.0 0.0 0.0 0.0 2.0 0.0 2.0 0.0
184 0.0 0.0 0.0 0.0 1.0 0.0 1.0 0.0
185 0.0 0.0 0.0 0.0 2.0 2.0 0.0 0.0
186 0.0 0.0 0.0 0.0 1.0 0.0 1.0 0.0
187 0.0 0.0 0.0 0.0 0.0 0.0 0.0 0.0
188 0.0 0.0 0.0 0.0 0.0 0.0 0.0 0.0
189 0.0 0.0 0.0 0.0 1.0 0.0 1.0 0.0
190 0.0 0.0 0.0 0.0 0.0 0.0 0.0 0.0
191 0.0 0.0 0.0 0.0 0.0 0.0 0.0 0.0
192 0.0 0.0 0.0 0.0 0.0 0.0 0.0 0.0
193 0.0 0.0 0.0 0.0 2.0 1.0 1.0 0.0
194 0.0 0.0 0.0 0.0 1.0 1.0 0.0 0.0
195 0.0 0.0 0.0 0.0 0.0 0.0 0.0 0.0
196 0.0 0.0 0.0 0.0 0.0 0.0 0.0 0.0
197 0.0 0.0 0.0 0.0 0.0 0.0 0.0 0.0
198 0.0 0.0 0.0 0.0 13.0 3.0 10.0 0.0
